8.683731 5.530222 7.143104 -7.378184 8.693186 -8.822232 -2.659726 3.833625 -0.368350 -3.590104 -6.637260 -6.699185 8.682554 5.570262 -5.974542 -5.039007 -6.349466 8.823907 -7.603534 -5.099949 4.168059 3.322228 -6.675251 8.849385 7.256824 -5.136195 8.742890 -5.898425 -2.872834 -3.703116 -9.620595 -10.373279 4.313507 8.904990 7.613506 8.986690 8.776532 -1.760601 7.537170 4.295840 7.695258 7.250510 0.524707 -9.714729 8.539669 -7.164515 -4.042356 8.955342 -6.671523 -4.182320 8.645261 5.390551 -8.435443 -4.740493 -6.407696 -0.071375 1.567915 -6.911208 6.595436 9.086710 -1.001750 2.111114 -9.251819 -3.700148 8.892268 7.683608 3.960039 -5.974542 -13.854286 -7.753813 -10.584269 -20.635192 8.989487 -9.329178 -7.610385 -4.754415 -6.887965 6.015530 -7.164515 7.641277 1.890535 8.636000 7.751708 -0.529287 4.819470 9.024098 6.305846 -1.272208 -4.205627 5.264974 -4.996294 -8.716456 2.653602 6.990386 3.845645 -7.097576 8.616565 6.736021 9.058447 6.864909 5.942012 6.678365 4.261580 -1.272208 8.069597 -1.419644 -7.188200 -1.407271 -7.115419 -11.358596 9.054207 -7.914250 8.348319 -6.485817 9.069677 -8.194504 -14.390808 3.935713 0.713522 5.011699 3.833625 -4.570241 6.742476 3.831027 -7.842179 -4.658107 7.572907 -5.377610 8.042425 -0.691237 -6.786000 -0.691237 -16.546817 -11.181638 -5.974542 -6.684413 -7.842179 7.805470 0.592040 9.028930 -6.116847 4.119158 8.361028 7.080347 6.192620 -3.838355 7.813893 3.285361 -15.277946 -6.367813
5.530222 3.711285 4.603895 -4.833128 5.351164 -5.794539 -1.173433 2.513234 0.239162 -2.445512 -4.616423 -4.626321 5.529432 3.762289 -4.023489 -3.587368 -4.423672 5.554664 -5.198761 -2.725853 2.945644 2.406905 -4.479749 5.514102 4.447179 -3.655877 5.408161 -3.838167 -1.520341 -1.720554 -6.503870 -6.911464 2.618842 5.563327 4.890170 5.608247 5.504650 -1.476847 4.544299 2.592820 4.986228 4.733523 0.677211 -5.889275 5.364233 -4.646822 -2.191792 5.600732 -4.685051 -3.106838 5.482255 3.530632 -5.220891 -2.166178 -4.566131 0.627658 1.349239 -4.307477 4.250430 5.649307 -0.580905 1.430811 -6.279830 -2.741588 5.636556 4.974840 2.675756 -4.023489 -9.006764 -5.381656 -6.788045 -13.598384 5.645164 -6.456923 -5.055948 -3.226743 -4.151685 3.900849 -4.646822 4.915748 1.787085 5.573940 5.074989 0.043017 3.269832 5.795462 4.281496 -0.190245 -3.059996 3.371487 -3.488036 -5.558950 2.141356 4.100193 1.969955 -4.461513 5.528201 4.439307 5.682235 4.613479 3.808074 4.354850 3.069879 -0.190245 5.207053 -1.207876 -4.705928 -0.375762 -3.246108 -6.966157 5.671521 -5.420536 5.312961 -4.576017 5.673385 -5.470812 -8.871894 2.644001 0.938859 3.045892 2.513234 -3.095883 4.448322 2.509785 -5.414689 -3.150662 4.831503 -3.785259 5.166015 -0.172697 -4.587879 -0.172697 -10.601947 -7.473933 -4.023489 -4.711412 -5.414689 5.158438 0.777816 5.644931 -3.283834 2.873854 5.323317 4.523342 4.126779 -2.916610 4.882245 2.355277 -9.466362 -4.467514
7.143104 4.603895 5.938961 -6.268057 7.098205 -7.500141 -1.951273 3.327312 -0.145260 -2.801952 -5.399094 -5.328465 7.142105 4.701715 -5.239906 -4.339470 -5.423686 7.255883 -6.530134 -4.156476 3.585772 2.880716 -4.462101 7.267746 5.990098 -4.342119 7.159854 -5.080287 -2.275110 -2.908313 -7.620302 -8.883928 3.675633 7.314724 6.136601 7.367662 7.222409 -1.305789 6.194513 3.647928 6.381486 6.032629 0.583386 -7.898249 7.044081 -6.221532 -3.200341 7.276839 -5.464768 -3.347440 7.119743 4.571507 -7.124620 -3.723731 -5.550741 0.023864 1.393486 -5.796233 5.527523 7.376235 -0.588912 1.920523 -7.736212 -3.314572 7.297295 6.369101 3.433027 -5.239906 -11.271977 -6.632350 -9.634425 -17.185432 7.374464 -7.897125 -6.338734 -4.130643 -5.855057 5.065242 -6.221532 6.347433 1.626823 7.024688 6.397230 -0.194756 4.066359 7.288198 5.257944 -0.952421 -3.220192 4.459679 -4.249962 -7.291949 2.307152 5.714143 3.156377 -5.799758 7.008734 5.550767 7.400773 5.676702 4.967740 5.589570 3.597344 -0.952421 6.650918 -1.295880 -6.271650 -1.057594 -5.890352 -9.492950 7.418241 -6.534071 6.890101 -5.500037 7.429128 -5.994308 -11.902679 3.400405 0.767065 4.224182 3.327312 -4.118095 5.595711 3.323717 -6.598548 -4.116575 6.297860 -4.251259 6.641593 -0.332750 -4.991817 -0.332750 -13.736821 -8.756624 -5.239906 -5.489897 -6.598548 6.413442 0.679334 7.387390 -5.273770 3.462806 6.902711 5.896963 5.198142 -3.418715 6.477336 2.830591 -13.441482 -5.462938
-7.378184 -4.833128 -6.268057 7.140558 -7.361656 8.530609 1.389235 -3.923319 -0.232959 2.450698 5.333589 4.865614 -7.375613 -5.189131 6.419929 5.055045 6.193625 -7.473131 7.569205 4.315321 -4.146710 -3.357530 0.701973 -7.475136 -6.247692 4.816462 -7.399866 6.011530 2.219350 2.697364 6.849020 10.236000 -4.178334 -7.513855 -5.948778 -7.540538 -7.453200 0.827468 -6.490342 -4.107879 -6.732767 -6.419823 -0.960479 8.017512 -7.313875 7.469347 3.062942 -7.238611 5.500841 3.067452 -7.369527 -5.099205 8.035418 3.387349 6.517779 -0.228081 -1.649070 6.441381 -5.986055 -7.324187 -0.060256 -2.482624 8.348568 4.220416 -7.483423 -6.700947 -4.035924 6.419929 11.279738 7.577501 12.466059 18.338215 -7.541492 8.758982 6.828050 4.978356 6.736777 -5.546578 7.469347 -6.724475 -1.864745 -7.122111 -6.649568 -0.456437 -4.432879 -7.678864 -5.636626 0.785715 2.462995 -4.952695 4.826667 7.998166 -2.707125 -5.998441 -3.446324 5.982286 -7.039063 -5.676808 -7.529385 -5.938183 -5.297377 -6.035742 -3.941695 0.785715 -6.856167 1.739235 7.597686 0.900036 6.125311 10.389228 -7.538828 6.787881 -7.152946 6.133720 -7.566165 3.530497 12.632945 -3.952472 -1.271530 -4.666137 -3.923319 5.357415 -5.867504 -3.914138 7.227346 5.153593 -6.688240 3.781951 -6.890798 -0.295491 3.078346 -0.295491 14.642286 7.519754 6.419929 5.564831 7.227346 -6.613835 -1.206527 -7.549221 6.230181 -3.707758 -7.185253 -6.260724 -5.661867 4.261116 -6.821107 -3.228959 16.330469 6.293781
8.693186 5.351164 7.098205 -7.361656 9.636895 -8.788750 -3.572829 3.665396 -1.092176 -3.417141 -6.120058 -6.214786 8.694235 5.217123 -5.849888 -4.612940 -5.952185 8.949638 -7.303860 -5.857073 3.669846 2.856774 -7.286750 9.304166 7.782448 -4.660736 9.509168 -5.920990 -3.381109 -4.640695 -9.174818 -10.228512 4.597968 9.225638 7.933009 9.436436 8.977883 -1.140938 8.377787 4.620298 7.569194 7.072584 -0.024592 -10.360755 8.723888 -7.221187 -4.692635 9.303717 -6.078426 -3.469491 8.683635 5.194876 -8.788069 -5.960528 -5.887398 -0.854059 1.085252 -7.173987 6.498935 9.312620 -1.207169 1.915379 -8.873879 -3.280847 8.950984 7.579593 3.641882 -5.849888 -13.875266 -7.312682 -10.699642 -20.435509 9.149088 -8.786412 -7.468127 -4.600861 -7.284326 5.883871 -7.221187 7.550869 1.259492 9.177822 7.670955 -1.250120 4.544218 9.996250 5.992822 -2.069488 -3.596720 5.236222 -4.660255 -8.891464 2.045982 8.078716 4.985512 -7.342656 9.080083 6.695519 9.618117 6.693759 5.960580 6.495942 3.827496 -2.069488 8.079020 -1.000382 -7.200352 -2.125092 -8.361819 -11.922323 9.334560 -7.477248 8.386757 -5.963384 9.312177 -8.212430 -15.084330 3.666386 -0.045015 5.362333 3.665396 -4.467414 6.605451 3.668176 -7.385910 -4.539634 7.555633 -4.855299 8.040621 -1.242198 -6.623777 -1.242198 -16.821237 -10.838888 -5.849888 -6.062662 -7.385910 7.799973 -0.084951 9.604846 -6.727450 3.826850 8.374154 7.092237 5.892441 -3.275267 8.081331 2.889823 -15.719334 -5.931894
-8.822232 -5.794539 -7.500141 8.530609 -8.788750 10.194754 1.643027 -4.689221 -0.300017 2.940129 6.397534 5.845070 -8.819328 -6.210945 7.672667 6.051426 7.413045 -8.933382 9.055158 5.128115 -4.965947 -4.026316 0.997680 -8.934785 -7.466493 5.769076 -8.839754 7.177169 2.632388 3.195062 8.227465 12.240564 -4.987061 -8.981098 -7.121803 -9.013368 -8.908809 1.014188 -7.747013 -4.903494 -8.053220 -7.679886 -1.165414 9.567088 -8.742644 8.920661 3.640175 -8.654562 6.598681 3.694782 -8.810720 -6.097806 9.586688 4.016165 7.806154 -0.303201 -1.992271 7.684163 -7.157407 -8.754833 -0.067499 -2.968948 9.993290 5.052498 -8.947964 -8.016375 -4.827029 7.672667 13.498369 9.071061 14.921555 21.942877 -9.015390 10.489694 8.164741 5.948016 8.030151 -6.632805 8.920661 -8.041008 -2.256358 -8.519402 -7.960340 -0.555917 -5.312104 -9.156089 -6.750430 0.909084 2.980514 -5.920901 5.775006 9.551143 -3.256269 -7.150311 -4.091635 7.142491 -8.422791 -6.804479 -9.001164 -7.113875 -6.339657 -7.219048 -4.730437 0.909084 -8.207275 2.082734 9.076552 1.048461 7.274414 12.396928 -9.014862 8.130878 -8.554822 7.347003 -9.044099 4.312150 15.081185 -4.728692 -1.538551 -5.571396 -4.689221 6.401083 -7.027667 -4.678391 8.653746 6.156491 -7.995912 4.548771 -8.245673 -0.359572 3.749992 -0.359572 17.501199 9.042177 7.672667 6.675704 8.653746 -7.920043 -1.457380 -9.023748 7.413636 -4.450789 -8.591852 -7.488212 -6.774945 5.107170 -8.152278 -3.874277 19.520242 7.534398
-2.659726 -1.173433 -1.951273 1.389235 -3.572829 1.643027 2.941452 -0.504813 1.803952 1.083384 1.206486 1.657579 -2.662842 -0.770922 0.432910 0.059557 0.460918 -2.935382 0.742291 2.980390 -0.002816 0.167601 5.683722 -3.288283 -2.856017 0.262194 -3.474533 0.965086 1.877275 3.198644 2.901118 1.573042 -1.418577 -3.199144 -2.846220 -3.349156 -3.001454 -0.046989 -3.247393 -1.504827 -1.983701 -1.714188 1.143746 4.053914 -2.858517 1.122912 2.569330 -3.437981 0.996042 0.364203 -2.704711 -1.010073 2.458629 4.256917 0.044503 1.972754 0.658849 2.027690 -1.624105 -3.455649 1.137200 0.075495 1.561462 -0.558754 -2.855498 -2.023293 -0.283524 0.432910 4.250561 0.632155 0.980107 4.850127 -3.086134 1.036967 1.593232 0.337984 2.152354 -1.353505 1.122912 -2.039475 1.090843 -2.979273 -2.021923 1.930663 -0.726539 -3.008415 -1.032854 2.234412 0.977256 -1.264758 0.352229 2.331778 0.720446 -3.386284 -2.608648 2.429801 -3.062954 -1.831832 -3.426549 -1.466339 -1.662601 -1.502954 -0.155405 2.234412 -2.373913 -0.764129 0.954740 2.025423 5.370079 3.790612 -3.269320 1.412310 -2.566045 0.432321 -3.242874 4.513874 5.076429 -0.387742 1.613296 -1.780742 -0.504813 -0.011445 -1.619593 -0.516204 0.972172 0.187528 -2.136317 1.199199 -2.362542 1.635750 3.391637 1.635750 4.717477 3.952471 0.432910 0.915470 0.972172 -2.035631 1.457811 -3.431425 2.671773 -0.504997 -2.526985 -2.014795 -1.090381 -0.699236 -2.648306 0.004092 3.248195 0.332354
3.833625 2.513234 3.327312 -3.923319 3.665396 -4.689221 -0.504813 2.288582 0.209123 -0.971319 -2.522536 -2.112277 3.831810 2.815826 -3.713461 -2.752926 -3.346697 3.889954 -4.173053 -2.363926 2.312274 1.881373 1.380672 3.839686 3.279024 -2.516261 3.733178 -3.411332 -1.110249 -1.406820 -2.957904 -5.678728 2.384303 3.880815 2.790468 3.849437 3.882135 -0.108755 3.351925 2.330045 3.549977 3.404406 0.625766 -4.077727 3.832430 -4.317486 -1.510405 3.604791 -2.650207 -1.304694 3.847602 2.834193 -4.484282 -1.787381 -3.591271 -0.026206 0.891763 -3.519589 3.250981 3.694806 0.393945 1.553709 -4.341410 -2.432140 3.868632 3.527182 2.329636 -3.713461 -5.536433 -4.113871 -7.911943 -9.576235 3.901001 -4.651627 -3.550356 -2.818100 -3.863522 3.040134 -4.317486 3.574413 0.835605 3.411472 3.420436 0.509657 2.389003 3.569960 2.936636 -0.498306 -0.796096 2.760202 -2.580731 -4.294219 1.435519 3.066043 1.859712 -3.029717 3.404805 2.880077 3.762488 3.016902 2.854774 3.254484 2.053215 -0.498306 3.540602 -0.977899 -4.411886 -0.500424 -3.828006 -5.683516 3.867727 -3.393550 3.745194 -3.242169 3.890466 -0.574671 -6.705873 2.267935 0.783819 2.596652 2.288582 -3.234372 3.056909 2.281717 -3.786987 -3.014715 3.573975 -1.572599 3.594167 0.455090 -0.591176 0.455090 -7.690987 -3.083894 -3.713461 -2.699091 -3.786987 3.312941 0.804673 3.798804 -3.898453 1.942240 3.768793 3.350151 3.047309 -2.408414 3.617590 1.788072 -9.966912 -3.422205
-0.368350 0.239162 -0.145260 -0.232959 -1.092176 -0.300017 1.803952 0.209123 1.440454 -0.132549 -0.685776 -0.463769 -0.370585 0.481969 -0.612763 -0.972701 -0.914332 -0.579538 -0.845048 1.605107 0.804780 0.789865 1.714047 -0.847346 -0.898919 -0.923593 -1.008895 -0.200167 0.993059 1.996986 -0.213362 -0.628237 -0.463177 -0.768499 -0.505543 -0.847898 -0.650663 -0.759393 -1.166223 -0.526880 -0.042893 0.078315 1.031848 1.318549 -0.598447 -0.216056 1.300769 -0.846459 -0.844949 -0.922198 -0.429637 0.176939 0.565189 2.697288 -1.234440 1.846634 0.924758 0.407589 -0.050636 -0.872893 0.454537 0.320396 -0.721526 -1.109592 -0.474536 -0.072125 0.448177 -0.612763 0.307777 -1.043346 -0.279766 -0.371959 -0.651887 -1.123010 -0.306218 -0.550276 0.694488 0.041193 -0.216056 -0.127559 1.502650 -0.443312 0.011770 1.345456 0.392948 -0.405076 0.510128 1.768953 -0.573714 -0.076080 -0.748230 0.230856 1.213676 -1.414801 -1.549894 0.485995 -0.531361 -0.002780 -0.839453 0.324850 -0.188186 0.092947 0.830733 1.768953 -0.226495 -0.919326 -0.346922 1.512073 3.642813 1.055242 -0.766083 -0.679978 -0.379251 -1.046804 -0.751080 0.865943 1.370286 0.370437 1.478529 -0.586281 0.209123 -0.619156 0.109760 0.200657 -0.897830 -0.564624 -0.242802 -0.546618 -0.254401 1.025675 0.452502 1.025675 0.499302 0.140469 -0.612763 -0.905940 -0.897830 0.078885 1.270081 -0.874078 1.569105 0.495515 -0.351098 -0.240477 0.353740 -1.316339 -0.617826 0.666301 0.708832 -1.013079
-3.590104 -2.445512 -2.801952 2.450698 -3.417141 2.940129 1.083384 -0.971319 -0.132549 2.565260 3.976738 4.471541 -3.590042 -2.205457 1.444360 2.101104 2.621187 -3.573577 2.721698 1.131281 -1.612927 -1.313748 7.585971 -3.538841 -2.555583 2.524578 -3.451731 1.556430 0.919900 0.791793 6.226087 3.377521 -0.954487 -3.589265 -3.942945 -3.678179 -3.506869 2.206610 -2.588847 -0.968800 -3.125405 -2.927741 -0.255765 3.815995 -3.350504 1.591163 1.419068 -4.010699 3.934285 3.218069 -3.511408 -1.833624 2.265297 0.951309 2.529869 -1.030463 -0.927827 2.133753 -2.397780 -3.953319 1.365072 -0.231855 4.205892 1.190022 -3.701767 -3.127837 -1.180125 1.444360 6.802308 3.108404 -0.280016 8.716993 -3.694147 4.094286 3.309849 1.410686 1.399938 -2.129311 1.591163 -2.999600 -1.688472 -4.134010 -3.377857 0.514719 -1.957893 -4.174780 -2.813061 -0.378331 3.712595 -1.661889 2.163581 3.079018 -1.471375 -2.228434 -0.487723 3.015203 -4.084150 -3.068416 -3.882697 -3.184887 -2.167833 -2.552291 -2.084051 -0.378331 -3.418698 0.724751 1.555680 -0.084970 -0.075828 3.391563 -3.752108 4.104364 -3.364459 3.012067 -3.756071 7.218425 5.014541 -1.193353 -0.487583 -1.322611 -0.971319 0.599307 -2.887307 -0.972860 3.595575 1.008829 -2.874574 3.873070 -3.308533 0.792451 6.011111 0.792451 6.467381 7.465875 1.444360 3.917803 3.595575 -3.617534 -0.211897 -3.773984 -0.085415 -1.902915 -3.362965 -2.659287 -2.466193 1.518047 -2.868040 -1.334817 1.253118 2.593364
-6.637260 -4.616423 -5.399094 5.333589 -6.120058 6.397534 1.206486 -2.522536 -0.685776 3.976738 6.829688 7.216499 -6.635884 -4.504457 3.980219 4.507750 5.489056 -6.602815 6.014680 2.241088 -3.545029 -2.928083 8.924182 -6.472934 -4.839348 4.945673 -6.242018 3.856554 1.506704 1.206470 9.926098 7.582592 -2.363533 -6.581995 -6.596105 -6.666983 -6.497626 3.242643 -4.836744 -2.335887 -5.962176 -5.657488 -0.949086 6.799870 -6.276354 4.355015 2.293304 -6.994149 6.886859 5.262888 -6.530346 -3.942012 5.119664 1.423512 5.589364 -1.887015 -1.956599 4.511423 -4.846772 -6.926102 1.501689 -1.189845 8.067525 3.158215 -6.776011 -5.947663 -2.885089 3.980219 11.855164 6.571658 3.552162 16.673567 -6.751062 8.198551 6.332954 3.472696 3.600107 -4.405680 4.355015 -5.789077 -3.103343 -7.156317 -6.245636 0.060291 -3.940586 -7.187018 -5.379255 -0.757348 5.555892 -3.609305 4.435547 6.228975 -3.028482 -4.116743 -1.125885 5.437287 -7.071206 -5.571062 -6.900090 -5.870173 -4.303068 -5.088957 -4.055531 -0.757348 -6.303591 1.743196 4.393161 -0.292369 0.772083 7.096277 -6.789854 7.440836 -6.298048 6.006831 -6.810447 9.700142 9.710268 -2.851345 -1.455620 -2.929926 -2.522536 2.595764 -5.441608 -2.518831 7.020737 3.028466 -5.596693 6.162761 -6.177640 0.545640 8.217078 0.545640 12.424523 11.545310 3.980219 6.908555 7.020737 -6.527950 -1.041622 -6.760710 1.343147 -3.673042 -6.314045 -5.197274 -4.934542 3.657416 -5.517664 -2.878262 6.361298 5.520341
-6.699185 -4.626321 -5.328465 4.865614 -6.214786 5.845070 1.657579 -2.112277 -0.463769 4.471541 7.216499 7.941686 -6.698821 -4.302507 3.207324 4.159794 5.136410 -6.658965 5.458379 2.124732 -3.255887 -2.678739 12.386148 -6.545082 -4.795264 4.814197 -6.324582 3.270878 1.592315 1.328661 11.014558 6.822809 -2.007974 -6.653939 -7.046719 -6.777828 -6.536162 3.812427 -4.794818 -2.013830 -5.912463 -5.570197 -0.706183 6.961305 -6.274025 3.519821 2.465832 -7.287409 7.194078 5.757040 -6.565590 -3.652519 4.564201 1.599103 5.083800 -1.937553 -1.863803 4.168126 -4.645069 -7.212831 2.122809 -0.753991 7.950473 2.598177 -6.879510 -5.911149 -2.498385 3.207324 12.376145 6.122230 1.262052 16.464119 -6.853022 7.887897 6.234267 2.957481 2.987287 -4.169281 3.519821 -5.698724 -3.160171 -7.457508 -6.312959 0.568220 -3.806577 -7.425323 -5.333072 -0.763009 6.448746 -3.321464 4.195005 5.920664 -2.896132 -4.078457 -0.928605 5.527818 -7.385682 -5.704838 -7.087394 -5.944848 -4.178172 -4.919882 -3.992953 -0.763009 -6.385801 1.502486 3.499562 -0.252972 0.253776 6.614291 -6.931433 7.592173 -6.312949 5.790611 -6.938743 12.148228 9.475293 -2.501705 -1.166598 -2.647765 -2.112277 1.709856 -5.447764 -2.112725 6.849091 2.333148 -5.477040 6.849097 -6.209087 1.078671 10.158002 1.078671 12.208557 13.078482 3.207324 7.185262 6.849091 -6.684845 -0.691404 -6.910055 0.454634 -3.641863 -6.315277 -5.081484 -4.765279 3.174176 -5.423825 -2.684616 4.081701 5.120544
8.682554 5.529432 7.142105 -7.375613 8.694235 -8.819328 -2.662842 3.831810 -0.370585 -3.590042 -6.635884 -6.698821 8.681399 5.567942 -5.971415 -5.036270 -6.346631 8.823226 -7.600347 -5.100454 4.165281 3.320022 -6.689486 8.849864 7.257515 -5.133802 8.743877 -5.895849 -2.873379 -3.705193 -9.621063 -10.369690 4.313087 8.905050 7.614728 8.987215 8.776123 -1.760137 7.538204 4.295648 7.693625 7.248712 0.522912 -9.714898 8.539178 -7.161446 -4.043412 8.955991 -6.669812 -4.181181 8.644208 5.388666 -8.433331 -4.743717 -6.404445 -0.073449 1.566575 -6.909503 6.593872 9.086711 -1.003431 2.109529 -9.249202 -3.697210 8.891333 7.682161 3.957746 -5.971415 -13.853500 -7.750610 -10.579597 -20.631562 8.989009 -9.325938 -7.608355 -4.751789 -6.886033 6.013900 -7.161446 7.639717 1.888584 8.636776 7.750565 -0.532350 4.818026 9.023019 6.303787 -1.274011 -4.205887 5.263736 -4.993892 -8.714447 2.651230 6.991689 3.847150 -7.096862 8.617520 6.735812 9.059346 6.863606 5.941427 6.676527 4.259709 -1.274011 8.068963 -1.417470 -7.184967 -1.408761 -7.117409 -11.356802 9.054402 -7.912280 8.347441 -6.483060 9.069549 -8.201544 -14.389528 3.933760 0.710644 5.011579 3.831810 -4.567142 6.741442 3.829248 -7.839469 -4.655244 7.571594 -5.377221 8.041599 -0.693730 -6.790750 -0.693730 -16.544416 -11.183583 -5.971415 -6.682581 -7.839469 7.804613 0.589378 9.029789 -6.115329 4.118148 8.359935 7.079410 6.190409 -3.835366 7.813608 3.283650 -15.272959 -6.364841
5.570262 3.762289 4.701715 -5.189131 5.217123 -6.210945 -0.770922 2.815826 0.481969 -2.205457 -4.504457 -4.302507 5.567942 3.995773 -4.563516 -3.897126 -4.740972 5.566248 -5.634416 -2.742979 3.246873 2.659832 -2.161717 5.443410 4.427116 -3.843048 5.292102 -4.253336 -1.433116 -1.536151 -5.966411 -7.469593 2.810838 5.519524 4.591182 5.515337 5.506912 -1.236807 4.489012 2.756812 5.106798 4.881741 0.907047 -5.784656 5.391704 -5.215749 -2.034476 5.414411 -4.630115 -2.938271 5.527041 3.780088 -5.596265 -1.897489 -4.982899 0.719380 1.480926 -4.553680 4.438775 5.512039 -0.183097 1.735773 -6.471429 -3.166322 5.643183 5.079596 2.995346 -4.563516 -8.788965 -5.767309 -8.238258 -13.890030 5.623202 -6.778948 -5.202743 -3.609806 -4.548289 4.110449 -5.215749 5.050498 1.869070 5.360349 5.113329 0.468318 3.425723 5.680127 4.424144 -0.086531 -2.632261 3.583037 -3.725856 -5.804440 2.344862 4.020334 1.959596 -4.441143 5.306637 4.397400 5.525066 4.655210 3.909958 4.544197 3.212255 -0.086531 5.212336 -1.433886 -5.313497 -0.263524 -3.422547 -7.287386 5.591996 -5.449616 5.360193 -4.825025 5.615582 -3.970861 -9.041073 2.928077 1.247844 3.185938 2.815826 -3.693169 4.512986 2.808514 -5.638710 -3.637179 4.964995 -3.482389 5.205395 0.232770 -3.439151 0.232770 -10.823953 -6.651756 -4.563516 -4.678068 -5.638710 5.132502 1.105536 5.509085 -3.817454 2.957131 5.387884 4.637138 4.337838 -3.308456 4.940845 2.555244 -10.920855 -4.815919
-5.974542 -4.023489 -5.239906 6.419929 -5.849888 7.672667 0.432910 -3.713461 -0.612763 1.444360 3.980219 3.207324 -5.971415 -4.563516 6.236541 4.618231 5.556517 -6.017648 6.929699 3.511521 -3.836188 -3.146419 -3.054177 -5.967496 -5.116813 4.162517 -5.892636 5.633287 1.604226 1.861722 4.421027 9.357969 -3.795511 -6.002547 -4.300431 -5.972778 -6.007418 0.093728 -5.282566 -3.698399 -5.606471 -5.404495 -1.194381 6.262286 -5.948131 7.147665 2.170895 -5.504107 4.220145 2.024021 -5.981503 -4.544115 7.198550 2.302014 6.033118 -0.335733 -1.583820 5.639808 -5.149617 -5.604936 -0.803985 -2.577142 7.036675 4.199479 -6.003397 -5.564942 -3.806867 6.236541 8.629419 6.822417 13.259153 15.340942 -6.014062 7.635634 5.728156 4.724066 6.191399 -4.839100 7.147665 -5.627285 -1.646405 -5.470329 -5.431536 -1.098732 -3.864989 -6.058729 -4.773071 0.455494 1.074789 -4.396267 4.284163 6.894322 -2.528410 -4.862469 -2.936147 4.743147 -5.374859 -4.556725 -5.879097 -4.872389 -4.501259 -5.174763 -3.429512 0.455494 -5.557942 1.756435 7.338014 0.521695 5.316521 9.004255 -5.957276 5.439424 -5.839434 5.356354 -5.984013 0.241795 10.525662 -3.693057 -1.545605 -4.105135 -3.713461 5.510445 -4.864118 -3.700930 6.192155 5.094052 -5.611420 2.368650 -5.631614 -0.961031 0.414845 -0.961031 12.232152 4.468903 6.236541 4.312138 6.192155 -5.314266 -1.537578 -5.937996 6.061470 -3.168171 -5.880210 -5.266748 -4.901566 4.154872 -5.648068 -2.968728 16.295348 5.703446
-5.039007 -3.587368 -4.339470 5.055045 -4.612940 6.051426 0.059557 -2.752926 -0.972701 2.101104 4.507750 4.159794 -5.036270 -3.897126 4.618231 4.151066 4.924681 -5.008699 5.747610 1.972794 -3.319486 -2.767669 0.528769 -4.883556 -3.868905 4.058663 -4.712160 4.147904 0.995666 0.697710 5.567909 7.386332 -2.535581 -4.958922 -4.228256 -4.955096 -4.958425 1.375723 -3.873948 -2.453720 -4.733760 -4.570356 -1.219019 4.966800 -4.869051 5.046736 1.440417 -4.837573 4.702859 3.078917 -4.999912 -3.621296 5.082825 0.764516 5.302316 -1.378033 -1.713746 4.177615 -4.152736 -4.811252 -0.043595 -1.774353 6.461205 3.529266 -5.066277 -4.698978 -2.988414 4.618231 8.169196 5.957470 7.522463 13.342134 -5.034444 6.938981 5.087880 3.697793 4.020939 -3.879326 5.046736 -4.670558 -2.317034 -4.994297 -4.745632 -0.939178 -3.334891 -5.223469 -4.288807 -0.583786 2.555142 -3.362969 3.885475 5.438796 -2.624968 -3.329567 -1.320686 4.033878 -4.891569 -4.093325 -4.995353 -4.443687 -3.597502 -4.281332 -3.290831 -0.583786 -4.758293 1.788917 5.194149 -0.310484 1.643252 6.478720 -4.992124 5.443387 -4.865539 5.048778 -5.023345 2.896062 8.019306 -2.894273 -1.700280 -2.836725 -2.752926 3.779012 -4.235098 -2.742490 5.751862 3.721297 -4.573360 3.416754 -4.750768 -0.611967 2.677805 -0.611967 10.074487 5.984462 4.618231 4.777586 5.751862 -4.802365 -1.495123 -4.963568 2.844962 -2.931965 -4.901026 -4.264976 -4.167334 3.753522 -4.464559 -2.623913 9.660084 5.041235
-6.349466 -4.423672 -5.423686 6.193625 -5.952185 7.413045 0.460918 -3.346697 -0.914332 2.621187 5.489056 5.136410 -6.346631 -4.740972 5.556517 4.924681 5.897907 -6.344187 6.921983 2.759326 -3.951691 -3.272365 1.431470 -6.234108 -4.984080 4.836166 -6.055291 5.067038 1.434213 1.267308 6.973582 8.992259 -3.210870 -6.313078 -5.376429 -6.324846 -6.290293 1.606303 -5.039315 -3.125992 -5.897110 -5.667034 -1.299549 6.442700 -6.166537 6.169420 2.055484 -6.191437 5.691678 3.679002 -6.306625 -4.444901 6.388678 1.493936 6.290567 -1.356399 -1.948665 5.242546 -5.157196 -6.177747 0.086862 -2.108352 7.864586 4.109957 -6.407678 -5.861012 -3.596738 5.556517 10.249608 7.148207 9.225897 16.481307 -6.393949 8.361218 6.244104 4.438630 5.093806 -4.796901 6.169420 -5.828113 -2.594542 -6.310584 -5.915959 -0.865258 -4.066073 -6.605508 -5.239783 -0.381002 3.143609 -4.171988 4.648561 6.775753 -3.022657 -4.416423 -1.936253 5.109545 -6.201567 -5.110992 -6.377540 -5.479224 -4.504471 -5.294788 -3.932584 -0.381002 -5.978286 2.007641 6.322890 -0.089582 2.748990 8.227801 -6.364842 6.630508 -6.129356 6.034754 -6.396816 4.044450 10.220980 -3.499013 -1.806574 -3.616552 -3.346697 4.509170 -5.254768 -3.335869 6.942620 4.455975 -5.723869 4.193609 -5.967627 -0.518038 3.626885 -0.518038 12.598355 7.611035 5.556517 5.769285 6.942620 -5.980971 -1.586547 -6.342860 3.808726 -3.554218 -6.166121 -5.342688 -5.104848 4.350055 -5.659013 -3.122971 12.073938 6.019092
8.823907 5.554664 7.255883 -7.473131 8.949638 -8.933382 -2.935382 3.889954 -0.579538 -3.573577 -6.602815 -6.658965 8.823226 5.566248 -6.017648 -5.008699 -6.344187 9.019841 -7.635151 -5.400496 4.104652 3.253871 -6.593710 9.105575 7.494166 -5.097536 9.006837 -5.981594 -3.044749 -4.041088 -9.617237 -10.477620 4.479920 9.147670 7.782883 9.243596 8.993888 -1.623732 7.810954 4.466970 7.783796 7.318447 0.391984 -10.011239 8.748713 -7.271771 -4.268989 9.198937 -6.625639 -4.070842 8.806822 5.454383 -8.648447 -5.202195 -6.377666 -0.365545 1.451665 -7.074401 6.702067 9.303845 -1.022597 2.131135 -9.292990 -3.648624 9.048653 7.777307 3.972308 -6.017648 -14.038234 -7.759689 -10.711420 -20.882386 9.195644 -9.339160 -7.677741 -4.777236 -7.098383 6.103991 -7.271771 7.754142 1.666782 8.793163 7.815386 -0.703268 4.823143 9.064226 6.281244 -1.558737 -4.092470 5.373285 -4.983881 -8.879431 2.495146 7.272534 4.117398 -7.248280 8.795886 6.802377 9.308537 6.868137 6.058238 6.752524 4.175686 -1.558737 8.182653 -1.337898 -7.282147 -1.649614 -7.771572 -11.672751 9.285959 -7.920391 8.502794 -6.458233 9.300455 -8.151225 -14.776291 3.957749 0.507652 5.198312 3.889954 -4.594484 6.795603 3.888310 -7.847147 -4.684963 7.714516 -5.310879 8.167364 -0.809937 -6.725769 -0.809937 -16.845405 -11.199057 -6.017648 -6.634244 -7.847147 7.847160 0.427077 9.285229 -6.437974 4.092019 8.510744 7.216985 6.212183 -3.763142 8.028938 3.234403 -15.605678 -6.354743
-7.603534 -5.198761 -6.530134 7.569205 -7.303860 9.055158 0.742291 -4.173053 -0.845048 2.721698 6.014680 5.458379 -7.600347 -5.634416 6.929699 5.747610 6.921983 -7.635151 8.305285 3.797887 -4.664507 -3.840456 0.360916 -7.553833 -6.198183 5.506949 -7.396121 6.334807 1.904559 1.971573 7.486548 10.978431 -4.164057 -7.623038 -6.172646 -7.631268 -7.593106 1.299213 -6.334026 -4.064670 -7.051578 -6.769893 -1.430300 7.886386 -7.462100 7.829953 2.672082 -7.341429 6.256455 3.740226 -7.575229 -5.409438 8.113364 2.403965 7.396553 -1.068723 -2.133916 6.548052 -6.258258 -7.373303 -0.177701 -2.698928 9.146270 4.894876 -7.674957 -7.009807 -4.392142 6.929699 11.857737 8.431924 12.738273 19.524590 -7.683548 9.744365 7.341867 5.427589 6.665239 -5.830322 7.829953 -7.008822 -2.635989 -7.391632 -7.001125 -0.991460 -4.820071 -7.857635 -6.131708 0.037039 2.981844 -5.153324 5.414595 8.284532 -3.355676 -5.682587 -2.895811 6.107714 -7.273926 -6.002759 -7.640487 -6.392456 -5.488356 -6.368530 -4.498721 0.037039 -7.126807 2.233425 8.017004 0.277974 4.696148 10.385383 -7.652040 7.517489 -7.370048 6.946544 -7.684105 3.630581 12.659661 -4.277448 -1.937095 -4.634813 -4.173053 5.781829 -6.223506 -4.160363 8.037362 5.582409 -6.926815 4.344461 -7.146154 -0.683307 3.282388 -0.683307 15.197718 8.086870 6.929699 6.349133 8.037362 -7.006459 -1.771462 -7.637535 5.642766 -4.121076 -7.411835 -6.480780 -6.079881 5.055900 -6.927100 -3.663528 16.361896 7.068327
-5.099949 -2.725853 -4.156476 4.315321 -5.857073 5.128115 2.980390 -2.363926 1.605107 1.131281 2.241088 2.124732 -5.100454 -2.742979 3.511521 1.972794 2.759326 -5.400496 3.797887 4.843839 -1.711989 -1.213433 1.520697 -5.667327 -5.050467 1.800809 -5.788892 3.721443 2.619780 4.222433 3.552798 5.843828 -3.335638 -5.612991 -4.067979 -5.687179 -5.464875 -0.691802 -5.505270 -3.362031 -4.322141 -3.985636 0.607625 6.619921 -5.330178 4.738368 3.506833 -5.428882 2.165957 0.502544 -5.171159 -3.099191 5.995032 5.547971 2.597651 2.302116 0.111891 4.680946 -3.907023 -5.602297 0.276472 -1.334847 4.253467 1.365286 -5.284162 -4.331852 -2.128984 3.511521 7.166912 3.487395 8.743526 10.955166 -5.514966 4.054715 3.852303 2.570832 5.402724 -3.529498 4.738368 -4.433430 0.827364 -4.762979 -4.145217 1.205980 -2.345548 -5.123185 -2.918387 2.802362 0.455318 -3.318488 2.084566 5.390930 -0.197219 -5.519661 -4.198993 4.290186 -4.839883 -3.503645 -5.604566 -3.278563 -3.618569 -3.752361 -1.435364 2.802362 -4.572116 -0.058538 4.671168 2.506756 8.994861 8.072561 -5.617128 3.234371 -4.976118 2.488589 -5.621589 2.472485 9.753230 -2.159837 0.967731 -3.766420 -2.363926 2.910955 -3.549221 -2.367300 3.346623 2.753046 -4.556475 1.362664 -4.650926 0.888127 1.821113 0.888127 9.826055 4.277382 3.511521 2.136974 3.346623 -3.974439 0.709675 -5.683504 6.484826 -1.706624 -4.968233 -4.283058 -3.191262 1.077075 -5.070649 -1.264745 12.455960 2.709765
4.168059 2.945644 3.585772 -4.146710 3.669846 -4.965947 -0.002816 2.312274 0.804780 -1.612927 -3.545029 -3.255887 4.165281 3.246873 -3.836188 -3.319486 -3.951691 4.104652 -4.664507 -1.711989 2.779080 2.311950 -0.384101 3.920999 3.157101 -3.216728 3.753110 -3.449873 -0.818222 -0.622549 -4.381564 -6.061502 2.109573 4.005583 3.263802 3.966609 4.040205 -1.022950 3.128065 2.043049 3.924333 3.792561 1.027181 -4.049545 3.975147 -4.250154 -1.176588 3.850628 -3.700975 -2.385309 4.122668 3.017347 -4.274877 -0.700498 -4.253287 1.023904 1.401606 -3.465869 3.441187 3.934309 0.125176 1.518428 -5.173538 -2.842761 4.185624 3.891369 2.511018 -3.836188 -6.533070 -4.792518 -6.941607 -10.784403 4.117927 -5.556306 -4.090110 -3.029858 -3.454010 3.221592 -4.250154 3.866798 1.814271 3.901098 3.913190 0.840517 2.764844 4.186689 3.545543 0.396611 -1.969682 2.794543 -3.106246 -4.460738 2.153804 2.702861 1.128004 -3.255761 3.835677 3.337064 3.952878 3.640737 2.976284 3.555169 2.700502 0.396611 3.920329 -1.395530 -4.371940 0.204550 -1.809912 -5.425447 4.047750 -4.319812 4.010426 -4.019432 4.075411 -2.248972 -6.626509 2.428658 1.421207 2.346494 2.312274 -3.198575 3.490619 2.303312 -4.593940 -3.096739 3.774593 -2.658856 3.920516 0.578762 -2.071353 0.578762 -8.212870 -4.711062 -3.836188 -3.760522 -4.593940 3.920466 1.270959 3.940944 -2.744007 2.405624 4.043837 3.520155 3.467967 -2.986818 3.641551 2.183753 -8.744723 -4.045066
3.322228 2.406905 2.880716 -3.357530 2.856774 -4.026316 0.167601 1.881373 0.789865 -1.313748 -2.928083 -2.678739 3.320022 2.659832 -3.146419 -2.767669 -3.272365 3.253871 -3.840456 -1.213433 2.311950 1.939369 -0.284631 3.088026 2.468009 -2.680767 2.936221 -2.790602 -0.554147 -0.304522 -3.570783 -4.946165 1.657746 3.160919 2.597243 3.124870 3.197180 -0.903036 2.414634 1.599273 3.156927 3.062100 0.931084 -3.130839 3.149947 -3.439063 -0.815800 3.030767 -3.069346 -2.018037 3.280757 2.446825 -3.379019 -0.305474 -3.550417 1.008197 1.226320 -2.742664 2.767773 3.088463 0.140600 1.254193 -4.241130 -2.396966 3.327236 3.129453 2.062819 -3.146419 -5.242595 -3.965502 -5.642469 -8.738765 3.258558 -4.591989 -3.322226 -2.487987 -2.702779 2.599834 -3.439063 3.102466 1.611817 3.112479 3.158548 0.801247 2.270817 3.309842 2.905335 0.496869 -1.656498 2.246328 -2.571948 -3.564658 1.853685 2.042393 0.756185 -2.570430 3.054505 2.702764 3.116659 2.969783 2.388408 2.872167 2.259765 0.496869 3.145281 -1.207413 -3.551461 0.318433 -1.102095 -4.259782 3.197229 -3.549812 3.198564 -3.342123 3.216745 -1.798429 -5.200808 1.991596 1.285625 1.838903 1.881373 -2.632667 2.830472 1.873601 -3.790873 -2.543605 3.018468 -2.204364 3.140486 0.561321 -1.673953 0.561321 -6.570163 -3.813618 -3.146419 -3.123392 -3.790873 3.172684 1.144834 3.103204 -2.043964 1.995570 3.225854 2.818018 2.825553 -2.536086 2.880948 1.827783 -6.987612 -3.358273
-6.675251 -4.479749 -4.462101 0.701973 -7.286750 0.997680 5.683722 1.380672 1.714047 7.585971 8.924182 12.386148 -6.689486 -2.161717 -3.054177 0.528769 1.431470 -6.593710 0.360916 1.520697 -0.384101 -0.284631 42.909627 -6.917168 -4.705477 2.696775 -7.129700 -1.567821 2.282138 2.793847 18.234600 0.349912 0.618130 -6.845867 -10.108429 -7.393635 -6.386801 7.278046 -4.900093 0.274642 -5.003717 -4.359177 1.481856 7.967953 -5.845209 -3.006324 3.909069 -9.081633 8.205297 8.312867 -6.319541 -0.956335 0.179247 3.783322 0.174990 -1.649094 -0.846301 1.223692 -2.624235 -8.962755 6.888161 2.765742 5.815922 -2.429883 -7.213227 -5.158913 0.970415 -3.054177 15.203520 1.613117 -13.617431 13.236410 -7.157339 4.178906 4.562366 -1.537923 -1.622840 -1.911059 -3.006324 -4.464674 -2.982106 -9.647086 -6.489492 5.008581 -2.441877 -9.433289 -4.445709 -0.242921 12.398857 -0.843431 1.427749 3.020621 -1.305926 -4.505101 -0.459773 5.702039 -9.641580 -6.595689 -8.375434 -6.151495 -3.097247 -3.083001 -3.037882 -0.242921 -6.774821 -1.160516 -3.460028 0.465482 -2.299967 2.817665 -7.708233 7.478227 -6.019167 2.934902 -7.458099 31.940167 7.388263 0.583607 1.673583 -0.632168 1.380672 -5.149589 -5.195075 1.337297 4.311527 -3.325852 -4.064307 11.048848 -6.131047 5.512030 25.388349 5.512030 9.656733 23.976112 -3.054177 7.931561 4.311527 -7.633331 2.518722 -7.951395 -5.456911 -3.146919 -5.843872 -3.874816 -2.874025 -1.479969 -4.474130 -0.838733 -11.009139 1.041056
8.849385 5.514102 7.267746 -7.475136 9.304166 -8.934785 -3.288283 3.839686 -0.847346 -3.538841 -6.472934 -6.545082 8.849864 5.443410 -5.967496 -4.883556 -6.234108 9.105575 -7.553833 -5.667327 3.920999 3.088026 -6.917168 9.325226 7.717651 -4.963045 9.319129 -5.981404 -3.225381 -4.389614 -9.538904 -10.447653 4.599360 9.318498 7.970109 9.464630 9.113908 -1.434411 8.133951 4.600596 7.754552 7.267952 0.193964 -10.267859 8.860132 -7.275670 -4.509122 9.391716 -6.471439 -3.866930 8.850605 5.398793 -8.763817 -5.669578 -6.230461 -0.651793 1.286566 -7.165475 6.689897 9.427048 -1.109564 2.064866 -9.209823 -3.513626 9.095013 7.758885 3.863334 -5.967496 -14.121230 -7.642502 -10.634722 -20.911078 9.296580 -9.204556 -7.657031 -4.722879 -7.215810 6.076357 -7.275670 7.743508 1.438006 9.028408 7.801118 -0.980659 4.738906 9.320778 6.169085 -1.847176 -3.925051 5.384268 -4.886943 -8.953947 2.271288 7.657526 4.500064 -7.355058 9.017088 6.820879 9.568822 6.816076 6.094008 6.703220 4.023562 -1.847176 8.213853 -1.197561 -7.270645 -1.906392 -8.223264 -11.874433 9.442069 -7.818102 8.548865 -6.315930 9.440549 -8.246859 -15.048508 3.869640 0.220786 5.346045 3.839686 -4.536229 6.767782 3.840244 -7.732123 -4.632292 7.737116 -5.176389 8.195302 -1.021520 -6.740742 -1.021520 -16.995655 -11.171498 -5.967496 -6.471003 -7.732123 7.856178 0.172948 9.548689 -6.601614 4.005139 8.544746 7.252116 6.110743 -3.591704 8.168128 3.099917 -15.652613 -6.232762
7.256824 4.447179 5.990098 -6.247692 7.782448 -7.466493 -2.856017 3.279024 -0.898919 -2.555583 -4.839348 -4.795264 7.257515 4.427116 -5.116813 -3.868905 -4.984080 7.494166 -6.198183 -5.050467 3.157101 2.468009 -4.705477 7.717651 6.522907 -3.822466 7.765254 -5.119264 -2.794326 -3.971546 -7.116036 -8.735115 4.031936 7.688746 6.315206 7.805503 7.518581 -0.659942 6.922571 4.036588 6.350369 5.946054 0.057180 -8.557679 7.325185 -6.329675 -3.868002 7.636070 -4.835619 -2.616152 7.274423 4.493900 -7.564881 -5.155596 -4.984536 -0.987752 0.895128 -6.092266 5.549690 7.708462 -0.683167 1.833242 -7.316404 -2.848757 7.460223 6.356108 3.232411 -5.116813 -11.232296 -6.149652 -10.179016 -16.962890 7.641992 -7.313520 -6.157184 -3.957117 -6.381489 5.049819 -6.329675 6.371595 0.796856 7.272848 6.335317 -0.845759 3.848459 7.618905 4.945245 -1.917262 -2.579209 4.541338 -3.870214 -7.475909 1.648331 6.614111 4.176116 -6.015811 7.272637 5.505712 7.848948 5.458228 5.077292 5.517097 3.130795 -1.917262 6.715636 -0.828584 -6.329096 -1.876716 -7.904650 -10.173949 7.766195 -6.051757 7.034997 -4.934927 7.756208 -5.832905 -12.683341 3.241352 -0.005373 4.633670 3.279024 -4.034488 5.498567 3.279927 -6.099882 -3.996588 6.400080 -3.685148 6.723822 -0.790462 -4.700215 -0.790462 -14.022159 -8.333136 -5.116813 -4.834404 -6.099882 6.324352 0.034852 7.864538 -6.313392 3.178930 7.028352 6.014313 4.982380 -2.806177 6.818698 2.481307 -14.459825 -4.983875
-5.136195 -3.655877 -4.342119 4.816462 -4.660736 5.769076 0.262194 -2.516261 -0.923593 2.524578 4.945673 4.814197 -5.133802 -3.843048 4.162517 4.058663 4.836166 -5.097536 5.506949 1.800809 -3.216728 -2.680767 2.696775 -4.963045 -3.822466 4.126223 -4.769650 3.797553 1.010457 0.655888 6.484570 6.991680 -2.280965 -5.049922 -4.610074 -5.066877 -5.031681 1.890093 -3.806268 -2.214327 -4.766563 -4.581641 -1.128026 5.075517 -4.912602 4.511712 1.502018 -5.090859 5.100450 3.588203 -5.078492 -3.483799 4.704921 0.709680 5.130627 -1.566269 -1.730692 3.965544 -4.072332 -5.043258 0.378484 -1.505928 6.561507 3.272445 -5.186413 -4.737379 -2.789447 4.162517 8.683614 5.822875 5.770798 13.455067 -5.152253 6.935970 5.141828 3.427547 3.567989 -3.774441 4.511712 -4.672190 -2.495903 -5.260617 -4.855688 -0.679795 -3.309749 -5.398851 -4.347446 -0.721820 3.302464 -3.202878 3.850867 5.290191 -2.648182 -3.224113 -1.050772 4.144044 -5.164536 -4.240297 -5.161470 -4.575099 -3.543080 -4.233870 -3.345797 -0.721820 -4.864338 1.734902 4.625722 -0.391126 0.990036 6.139844 -5.128426 5.724380 -4.926434 5.079705 -5.158585 4.572724 7.871250 -2.712472 -1.617278 -2.629335 -2.516261 3.215171 -4.302354 -2.507728 5.814832 3.308158 -4.547694 4.036148 -4.823165 -0.305402 4.049035 -0.305402 10.050312 7.188711 4.162517 5.159649 5.814832 -4.977848 -1.350354 -5.096875 2.071216 -2.979848 -4.956824 -4.230929 -4.132523 3.581094 -4.429759 -2.564333 7.895071 4.927179
8.742890 5.408161 7.159854 -7.399866 9.509168 -8.839754 -3.474533 3.733178 -1.008895 -3.451731 -6.242018 -6.324582 8.743877 5.292102 -5.892636 -4.712160 -6.055291 9.006837 -7.396121 -5.788892 3.753110 2.936221 -7.129700 9.319129 7.765254 -4.769650 9.441116 -5.939959 -3.321562 -4.556338 -9.293629 -10.309382 4.607721 9.265815 7.950826 9.453892 9.031235 -1.238579 8.290837 4.622189 7.629653 7.136634 0.053362 -10.321284 8.777576 -7.239075 -4.624069 9.341578 -6.216668 -3.607481 8.741029 5.269703 -8.774925 -5.870024 -6.016861 -0.795263 1.155698 -7.165904 6.569095 9.351519 -1.163320 1.975381 -8.994271 -3.368625 8.996834 7.638972 3.722742 -5.892636 -13.955205 -7.435252 -10.674527 -20.607395 9.203463 -8.941339 -7.532230 -4.643529 -7.255499 5.954922 -7.239075 7.617451 1.309281 9.117119 7.708348 -1.154874 4.612678 9.694355 6.043404 -1.998159 -3.703860 5.295114 -4.740967 -8.909210 2.116554 7.919793 4.806335 -7.340209 9.056687 6.738899 9.605175 6.725764 6.013510 6.568030 3.888932 -1.998159 8.123727 -1.070987 -7.224823 -2.050652 -8.338148 -11.900462 9.378634 -7.596974 8.444263 -6.092536 9.362642 -8.201060 -15.065962 3.741796 0.042428 5.365276 3.733178 -4.492351 6.659801 3.735242 -7.511433 -4.572372 7.622100 -4.962056 8.093922 -1.159888 -6.645124 -1.159888 -16.879297 -10.942107 -5.892636 -6.207178 -7.511433 7.806468 0.003920 9.589666 -6.682494 3.889227 8.433550 7.152921 5.964267 -3.395544 8.119917 2.963737 -15.692031 -6.043075
