0.287169 0.504655 0.408962 0.811399 0.004343 0.841166 1.421425 0.771334 1.131737 1.014540 0.996805 1.176686 0.285013 0.701451 0.583359 0.613802 0.684903 0.215955 0.692048 1.199210 0.870642 0.860136 3.187035 0.080934 0.172529 0.697080 0.020494 0.705731 1.057438 1.342296 1.511901 0.795601 0.543381 0.123342 0.043014 0.061098 0.190902 0.824860 0.095572 0.511623 0.437938 0.497204 1.007097 1.463053 0.225044 0.682416 1.216271 0.016477 0.937936 0.873494 0.277908 0.661423 0.972011 1.579303 0.589407 1.082313 0.866868 0.948382 0.524519 0.066498 1.102270 0.866203 0.935695 0.463816 0.235453 0.417052 0.824853 0.583359 1.587300 0.700802 0.422600 1.513753 0.172477 0.806949 0.938574 0.615834 0.899593 0.579481 0.682416 0.434419 0.924551 0.055124 0.373460 1.261512 0.646361 0.198689 0.607124 1.130400 1.108937 0.586683 0.684495 1.014868 0.929644 0.075420 0.257288 1.140466 0.032071 0.336186 0.007611 0.466448 0.448345 0.551401 0.742702 1.130400 0.285403 0.482945 0.644774 1.095982 1.549066 1.229682 0.090443 0.972726 0.289069 0.713120 0.121561 2.371724 1.529036 0.781769 1.142788 0.450435 0.771334 0.481540 0.444397 0.766710 0.818528 0.551682 0.411193 1.082886 0.311286 1.194775 1.952896 1.194775 1.472889 1.851500 0.583359 0.915840 0.818528 0.332095 1.123251 0.017259 0.915173 0.637853 0.312366 0.406549 0.637124 0.461668 0.264445 0.796079 0.763016 0.654698
0.504655 2.056712 1.240746 6.727449 0.033314 7.239853 6.278711 2.821937 5.110242 5.530127 6.388636 6.620545 0.502885 2.264471 5.905406 5.436434 5.981691 0.317706 6.467816 6.944300 3.019221 3.315807 8.753531 0.116646 0.733878 5.548392 0.056760 6.136983 5.780924 6.695852 7.999620 7.628409 2.219710 0.152673 0.690672 0.053648 0.290013 4.479609 0.473694 2.179596 1.099902 1.351211 4.530594 8.659501 0.420601 6.571103 6.437828 0.032861 6.295401 5.319969 0.485896 2.172498 7.557556 7.524612 5.801965 5.152339 4.019185 6.923106 1.550506 0.000090 4.894109 3.556894 7.278678 4.793369 0.350735 1.079278 2.911564 5.905406 9.805816 6.443953 7.589818 11.921554 0.199148 7.050199 6.864005 5.514501 7.006868 1.835794 6.571103 1.079884 4.192095 0.364057 1.067735 5.204810 2.467716 0.341048 1.953768 5.583357 5.625562 2.064190 5.563747 7.543367 3.788392 0.556222 1.752591 7.147523 0.314701 1.410465 0.002393 1.586011 1.685401 1.598879 2.921995 5.583357 0.793853 4.065706 6.498039 5.498485 8.789371 8.993115 0.078750 6.837435 0.624705 5.993914 0.096263 8.466410 10.418944 2.861050 4.739118 1.855622 2.821937 5.326892 1.521237 2.816462 6.617012 5.430120 1.040783 6.046231 0.805869 5.084309 7.522010 5.084309 10.788753 8.930198 5.905406 6.259835 6.617012 1.056056 4.680021 0.004253 7.119180 2.763543 0.645649 1.220538 1.942277 4.754407 0.703791 3.236989 9.945594 5.925991
0.408962 1.240746 0.867236 3.583944 0.071780 3.825675 3.792296 1.927440 3.017245 3.465111 3.897390 4.209825 0.406983 1.495322 2.980413 2.975757 3.273102 0.310350 3.427867 3.805101 1.950774 2.081042 7.062603 0.161713 0.568222 3.153575 0.099877 3.186287 3.317580 3.799518 5.174612 3.947370 1.567926 0.195495 0.228528 0.104488 0.299197 2.942091 0.415333 1.526129 0.786584 0.941741 2.728193 4.941952 0.391874 3.287818 3.720704 0.000393 3.807109 3.370792 0.414809 1.504797 3.945252 4.258483 3.108780 2.839970 2.354857 3.725775 1.119024 0.018442 3.177527 2.338030 4.113720 2.511810 0.302899 0.764963 1.960259 2.980413 5.832027 3.484683 3.034863 6.625931 0.219873 3.901421 3.872643 2.902025 3.594920 1.291612 3.287818 0.802994 2.323257 0.106230 0.681401 3.258462 1.555668 0.125208 1.221641 3.112605 3.756790 1.443807 3.093245 4.101792 2.245613 0.461596 1.230438 4.100703 0.086658 0.813350 0.012355 0.940659 1.136491 1.125025 1.740885 3.112605 0.529142 2.269128 3.223742 3.108078 4.436552 4.757746 0.116896 4.015324 0.493269 3.361318 0.143431 6.234339 5.679583 1.908879 2.858749 1.325337 1.927440 2.596105 0.960051 1.921819 3.724578 2.755633 0.798564 3.871656 0.572873 3.215680 5.409497 3.215680 5.945303 5.938932 2.980413 3.772775 3.724578 0.602485 2.872963 0.038137 3.420669 1.643920 0.516468 0.885583 1.305065 2.543727 0.590307 2.003728 4.261899 3.221992
0.811399 6.727449 3.583944 31.916284 0.535644 34.780151 22.056529 9.600535 17.853272 23.641487 29.553798 29.327630 0.812990 6.528201 29.563974 27.293997 29.814138 0.505061 32.450931 27.200623 9.142017 10.766522 27.150403 0.342557 3.254157 27.235881 0.463882 29.201830 22.735765 24.328920 34.567659 37.991024 8.637684 0.290642 3.066874 0.120013 0.547313 19.999073 2.654203 8.694047 2.596057 3.413014 16.108054 35.781437 0.957643 31.902422 24.907712 0.408667 29.696444 24.709410 0.849264 6.757811 34.029016 26.293288 30.101025 17.511750 14.236026 30.887115 4.529172 0.241745 18.629907 12.858608 35.122226 24.970523 0.445906 2.618641 9.415034 29.563974 43.307468 32.618260 40.059072 57.073303 0.227642 35.481254 31.963153 26.934749 31.110480 5.603517 31.902422 2.654811 13.755415 0.883157 2.558328 17.920506 7.980155 0.081871 5.250796 19.774466 24.363702 6.955158 27.093600 34.315633 12.155061 3.672737 9.551462 30.806472 0.962587 4.509500 0.005923 4.249500 5.795099 4.423438 9.125571 19.774466 1.945783 20.227968 32.016804 19.989433 31.375941 39.563649 0.083551 32.261002 1.373948 29.918801 0.071863 30.682869 45.138932 9.479727 15.743879 7.358743 9.600535 26.995340 4.420562 9.607689 32.474198 26.949525 2.736190 26.828591 1.964207 18.176665 28.403385 18.176665 49.248136 37.139035 29.563974 29.751228 32.474198 2.498933 15.910828 0.025251 29.848346 9.397081 1.352228 3.651622 5.368781 25.147284 2.215589 10.867903 48.957575 29.902436
0.004343 0.033314 0.071780 0.535644 0.655770 0.582366 0.216040 0.310823 0.115628 0.895222 1.221725 1.368803 0.004411 0.056029 0.415731 0.747586 0.789902 0.049405 0.699440 0.149803 0.080147 0.102400 2.283253 0.243433 0.405872 0.880257 0.494491 0.390884 0.256881 0.112435 1.665396 0.648086 0.535560 0.151709 0.070236 0.218562 0.099971 1.152242 0.643907 0.543798 0.019592 0.026996 0.165515 0.524745 0.116981 0.333461 0.273710 0.072570 1.238750 1.294040 0.024000 0.173465 0.327102 0.066986 0.817422 0.007346 0.091923 0.393320 0.135736 0.000127 0.604568 0.378186 1.021353 0.590835 0.001887 0.020756 0.214414 0.415731 1.274038 0.849651 0.014945 1.421154 0.039796 1.057434 0.788550 0.477106 0.210951 0.155541 0.333461 0.051729 0.001226 0.304663 0.000425 0.248397 0.078827 0.878560 0.001819 0.040838 1.425562 0.265650 0.728252 0.547577 0.029742 0.871468 1.104873 0.603104 0.203306 0.003401 0.274999 0.003016 0.174631 0.076696 0.016336 0.040838 0.002544 0.609925 0.340340 0.085879 0.010385 0.373672 0.078514 1.117447 0.035225 0.943271 0.071779 2.061516 0.543232 0.220160 0.091968 0.508788 0.310823 0.292085 0.015090 0.311577 0.982515 0.377873 0.101637 1.312915 0.017200 0.351532 1.822837 0.351532 0.906187 1.901967 0.415731 1.245310 0.982515 0.034315 0.153978 0.300893 0.012289 0.053263 0.033210 0.126158 0.044664 0.732475 0.239601 0.108259 0.029346 0.798336
0.841166 7.239853 3.825675 34.780151 0.582366 37.918111 23.784137 10.308448 19.260028 25.604733 32.091558 31.780900 0.843090 6.980202 32.290527 29.764194 32.507373 0.518626 35.410700 29.487233 9.796594 11.571551 28.919925 0.356724 3.509172 29.662310 0.497809 31.841284 24.622619 26.300433 37.419920 41.469403 9.302772 0.297214 3.367664 0.120999 0.565520 21.659609 2.871348 9.372247 2.749420 3.626767 17.376934 38.804829 1.002690 34.827551 26.958761 0.466532 32.268099 26.810555 0.881886 7.233025 37.054101 28.395920 32.863216 18.910445 15.366641 33.603712 4.831635 0.284915 20.096479 13.846100 38.240762 27.276421 0.455181 2.777028 10.097744 32.290527 46.999914 35.585635 43.988383 62.151780 0.227559 38.685781 34.773659 29.378225 33.877668 5.991106 34.827551 2.812094 14.837617 0.959680 2.721371 19.294842 8.574746 0.078461 5.610807 21.371651 26.355037 7.460768 29.515754 37.342425 13.079732 3.994683 10.379967 33.440493 1.052673 4.855645 0.007959 4.547623 6.226635 4.713947 9.810644 21.371651 2.068491 22.045282 34.969485 21.611673 33.998858 43.045165 0.081333 35.077814 1.445886 32.605899 0.067744 32.938338 49.060988 10.177322 16.950674 7.927299 10.308448 29.512823 4.734214 10.317251 35.374412 29.426239 2.902333 29.069226 2.083147 19.586399 30.548847 19.586399 53.580865 40.135273 32.290527 32.335916 35.374412 2.666541 17.133790 0.024540 32.505616 10.127865 1.419445 3.897950 5.729518 27.467152 2.358233 11.696400 53.621163 32.616869
1.421425 6.278711 3.792296 22.056529 0.216040 23.784137 19.500314 8.910609 15.781750 18.165741 21.318263 22.011162 1.417328 6.837978 19.468523 18.190078 19.972998 0.934379 21.515586 21.757261 9.177478 10.183221 28.023720 0.420979 2.537400 18.573181 0.280784 20.046954 18.285258 20.721768 26.511326 25.219634 7.289009 0.496920 2.061000 0.202963 0.890628 15.016185 1.788721 7.188667 3.236692 4.010218 14.103847 27.709408 1.304569 21.447555 20.305668 0.100865 21.083213 17.897728 1.405648 6.738510 24.343795 23.054425 19.519317 15.604154 12.435514 22.364992 4.782690 0.001852 15.718932 11.308296 24.226687 16.082921 0.965399 3.187863 9.059002 19.468523 32.169859 21.564483 24.464688 39.476783 0.574568 23.650807 22.619903 18.185946 22.417625 5.688158 21.447555 3.231379 12.602571 0.917562 3.077541 16.199174 7.578064 0.643889 5.746136 17.114731 18.769532 6.534663 18.510730 24.540813 11.474200 2.176462 6.280707 23.145556 0.830263 4.246045 0.000327 4.612912 5.321444 4.847794 8.803429 17.114731 2.319605 13.616172 21.265425 17.006389 26.512276 28.856601 0.244628 22.776999 1.852417 20.108970 0.286722 27.557814 33.473985 8.936026 14.520273 6.135706 8.910609 17.518048 4.560040 8.897191 22.110592 17.875029 3.179681 20.137407 2.384031 15.999474 24.608244 15.999474 35.214895 29.463320 19.468523 20.993435 22.110592 2.968706 14.466734 0.034615 22.181505 8.491410 1.902065 3.789119 5.831835 16.078500 2.279958 9.992522 31.766870 19.832577
0.771334 2.821937 1.927440 9.600535 0.310823 10.308448 8.910609 4.560562 7.043480 8.967597 10.445800 11.097865 0.768539 3.281285 8.178711 8.234154 9.021942 0.616273 9.456801 9.269503 4.349128 4.753552 16.577229 0.405506 1.529001 8.651285 0.345053 8.527095 8.154293 8.972863 13.508863 10.824423 3.948448 0.433438 0.554247 0.258116 0.630776 7.810977 1.244597 3.880098 1.626928 1.985370 6.442426 12.434326 0.852075 8.863716 9.082493 0.000197 10.293523 9.085390 0.814521 3.439336 10.257443 9.866685 8.740102 6.461752 5.524986 9.674272 2.514335 0.008865 7.832236 5.643068 11.180374 7.066094 0.546088 1.594898 4.528721 8.178711 15.239424 9.675015 8.429197 17.906980 0.418262 10.818772 10.332874 7.886421 9.258307 2.938356 8.863716 1.701826 5.203892 0.164866 1.376460 7.634727 3.550165 0.078823 2.572185 7.238572 9.852738 3.416182 8.434328 10.771376 5.045831 1.485348 3.605626 10.542596 0.154582 1.814513 0.045923 1.952712 2.695378 2.461790 3.868608 7.238572 1.090679 6.258961 8.755358 7.337100 10.170750 12.239033 0.238234 10.827697 1.020215 9.291039 0.276620 15.325828 14.548241 4.448262 6.547356 3.369659 4.560562 7.151680 2.093102 4.551671 10.207991 7.529344 1.746532 10.222168 1.197299 7.675373 13.481990 7.675373 15.662990 15.283514 8.178711 10.235433 10.207991 1.173836 6.670155 0.121404 8.467838 3.795206 1.054402 2.010624 2.826084 7.225880 1.402414 4.633061 11.408321 8.934577
1.131737 5.110242 3.017245 17.853272 0.115628 19.260028 15.781750 7.043480 12.837189 14.368744 16.844936 17.308750 1.128522 5.509805 15.841786 14.576755 16.016685 0.709158 17.347182 17.800914 7.404011 8.224421 21.472981 0.280851 1.913435 14.806330 0.165357 16.300636 14.819978 16.939046 20.815782 20.437290 5.663345 0.346501 1.820613 0.123158 0.660355 11.722716 1.288826 5.585550 2.596435 3.221657 11.410885 22.392979 0.983576 17.527523 16.456044 0.111324 16.661158 14.030263 1.099658 5.344459 19.869290 18.913731 15.659310 12.896970 10.120359 18.163827 3.775095 0.003544 12.455204 8.972133 19.362635 12.951020 0.765297 2.557967 7.209639 15.841786 25.646011 17.307917 20.623751 31.673633 0.427751 18.909766 18.139389 14.716621 18.378695 4.501793 17.527523 2.562231 10.433314 0.872459 2.530170 13.032902 6.116487 0.666163 4.708054 14.068208 14.637497 5.142277 14.829207 19.858827 9.386365 1.566882 4.758396 18.620685 0.780792 3.494032 0.006359 3.823036 4.214794 3.862630 7.208503 14.068208 1.885959 10.879910 17.382699 13.911974 22.203946 23.540167 0.166800 18.103646 1.458146 16.048780 0.197452 21.328818 27.186778 7.113140 11.804443 4.749102 7.043480 14.329273 3.708329 7.032988 17.659525 14.541812 2.492131 15.810526 1.911108 12.808334 19.088045 12.808334 28.415656 23.070254 15.841786 16.590961 17.659525 2.502157 11.697940 0.010898 18.497773 6.910858 1.496887 2.982372 4.694892 12.880332 1.729374 8.073667 26.646442 15.906080
1.014540 5.530127 3.465111 23.641487 0.895222 25.604733 18.165741 8.967597 14.368744 20.171111 24.612008 25.348619 1.013623 5.926938 21.003468 20.755119 22.656762 0.819677 24.018487 20.431646 8.090861 9.225366 30.449463 0.693915 3.361329 21.359059 0.827079 21.161792 17.851378 18.838411 30.359789 27.547607 8.276593 0.630293 1.487770 0.397434 0.908707 17.793277 2.970761 8.248188 2.618481 3.320159 13.227830 27.994983 1.336077 22.439300 19.678900 0.051641 24.544949 21.275088 1.122445 6.438453 24.673956 20.272311 22.528177 13.124431 11.372332 22.994549 4.532508 0.027676 16.470297 11.524440 27.394612 18.355192 0.642625 2.606813 8.685895 21.003468 35.245100 24.564225 23.728060 43.867144 0.490050 27.231619 24.860014 19.782142 22.188703 5.435847 22.439300 2.794748 10.346750 0.286319 2.245102 15.306724 6.870204 0.001017 4.489424 15.025482 22.028365 6.661026 20.845577 25.811547 9.805872 3.857806 8.925125 24.254451 0.332562 3.532954 0.067674 3.417858 5.339706 4.321951 7.398277 15.025482 1.798315 15.628546 22.389860 15.419489 21.589864 28.981047 0.285334 25.992547 1.577496 23.212210 0.297019 30.785859 33.935591 8.653909 12.942889 7.117331 8.967597 18.652294 3.815821 8.964029 25.257488 19.219824 2.964918 23.334772 1.961533 15.679669 27.751213 15.679669 37.488293 33.500219 21.003468 24.519262 25.257488 1.910297 13.320520 0.215551 19.947811 7.616986 1.589579 3.668121 4.979518 18.819277 2.583718 9.177108 30.295287 22.617082
0.996805 6.388636 3.897390 29.553798 1.221725 32.091558 21.318263 10.445800 16.844936 24.612008 30.494379 31.122997 0.997201 6.657357 26.568747 26.191185 28.554051 0.819860 30.340889 24.570873 9.188180 10.640451 34.817095 0.789242 4.106984 26.809574 1.066213 26.491336 21.467602 22.282508 37.089220 34.782098 9.896967 0.666984 1.864030 0.438051 0.947370 21.858731 3.752284 9.910522 2.811130 3.619832 15.563930 34.008278 1.439647 28.232572 23.582557 0.097612 30.526943 26.349327 1.132928 7.359486 30.557743 23.773934 28.617093 15.297299 13.372979 28.401639 5.112937 0.084313 19.636336 13.595869 34.285665 23.352805 0.597801 2.816408 10.010351 26.568747 43.327377 31.056899 30.589657 54.853138 0.462555 34.365305 30.912540 24.873571 27.418292 6.188898 28.232572 3.034692 11.961300 0.293432 2.406742 17.881716 7.916931 0.018199 4.952649 17.675885 26.901082 7.743031 26.146962 31.990924 11.278186 4.998918 11.316384 29.705955 0.374926 4.059729 0.079700 3.761992 6.233891 4.814705 8.456218 17.675885 1.942841 19.676411 28.256761 18.241511 25.467195 35.715181 0.277008 32.358439 1.673328 29.236394 0.272063 36.296996 41.660739 10.025337 15.004271 8.539436 10.445800 23.678172 4.290940 10.447478 31.712070 24.268881 3.272219 28.653883 2.121847 18.462279 32.986600 18.462279 46.474856 40.609073 26.568747 30.539434 31.712070 2.029300 15.520215 0.258245 24.405793 8.876279 1.667919 4.159554 5.540588 23.988066 2.963515 10.663082 38.432886 28.573479
1.176686 6.620545 4.209825 29.327630 1.368803 31.780900 22.011162 11.097865 17.308750 25.348619 31.122997 32.089991 1.176070 7.101114 26.037658 26.085035 28.443212 1.005516 30.026394 24.696323 9.719128 11.131602 38.520867 0.958900 4.392874 26.919905 1.225455 26.147467 21.795020 22.646505 38.419487 34.264122 10.494333 0.836846 1.655222 0.569012 1.150641 22.670322 4.036016 10.474385 3.102650 3.948930 16.048639 34.411520 1.683783 27.639184 23.996892 0.046159 31.075970 27.085287 1.339490 7.890785 30.244087 24.191331 28.353335 15.488568 13.707582 28.300149 5.556447 0.039390 20.499262 14.273531 34.410420 23.034574 0.736108 3.094728 10.638862 26.037658 44.090164 30.849278 28.541354 54.885496 0.602401 34.296458 31.055659 24.600163 27.047279 6.667103 27.639184 3.366851 12.146278 0.234049 2.581226 18.631452 8.292747 0.021701 5.240639 17.912032 28.035742 8.272678 26.148227 31.924420 11.652343 5.279010 11.755471 30.038293 0.302256 4.167759 0.134203 3.929124 6.600593 5.225586 8.760602 17.912032 2.102438 19.677508 27.604968 18.522714 25.190694 35.475001 0.377236 32.751582 1.900233 29.261981 0.385574 38.986889 41.667570 10.616784 15.535100 9.063404 11.097865 23.034070 4.526590 11.095391 31.782231 23.815369 3.633679 29.582026 2.332207 19.237116 35.169331 19.237116 46.500696 42.384052 26.037658 31.057948 31.782231 2.114213 16.112240 0.350706 23.759087 9.149265 1.908494 4.517151 5.951658 23.746632 3.299160 11.098535 36.395096 28.415488
0.285013 0.502885 0.406983 0.812990 0.004411 0.843090 1.417328 0.768539 1.128522 1.013623 0.997201 1.176070 0.282877 0.698151 0.585506 0.615558 0.686758 0.214294 0.694255 1.197725 0.866884 0.856950 3.171820 0.080433 0.172241 0.698493 0.020501 0.707326 1.055912 1.339239 1.510453 0.798210 0.541981 0.122422 0.043256 0.060642 0.189513 0.824345 0.095625 0.510450 0.435325 0.494426 1.004321 1.461904 0.223573 0.684505 1.214235 0.016145 0.938666 0.873652 0.275875 0.658557 0.973143 1.575098 0.591677 1.079259 0.864547 0.949107 0.521974 0.065519 1.099609 0.863637 0.937332 0.465773 0.233538 0.414625 0.821580 0.585506 1.587106 0.703025 0.426292 1.516402 0.171019 0.809209 0.939624 0.617481 0.900545 0.576871 0.684505 0.431880 0.921620 0.054919 0.371337 1.257468 0.643937 0.196630 0.604085 1.127616 1.107696 0.584465 0.685916 1.015896 0.926292 0.075744 0.257812 1.140200 0.032045 0.334996 0.007530 0.464164 0.446779 0.548582 0.739851 1.127616 0.283790 0.484139 0.647026 1.093512 1.546096 1.230495 0.089659 0.973716 0.287210 0.714897 0.120453 2.363704 1.529336 0.778836 1.138930 0.449335 0.768539 0.483659 0.442383 0.763951 0.820259 0.553564 0.408900 1.082295 0.309480 1.191302 1.947166 1.191302 1.474310 1.848574 0.585506 0.916693 0.820259 0.330257 1.119610 0.017137 0.915712 0.635863 0.310293 0.404632 0.633934 0.463678 0.263180 0.793388 0.767023 0.656690
0.701451 2.264471 1.495322 6.528201 0.056029 6.980202 6.837978 3.281285 5.509805 5.926938 6.657357 7.101114 0.698151 2.654711 5.522135 5.283432 5.821146 0.486046 6.188916 7.083930 3.477205 3.725490 11.228319 0.202709 0.870571 5.517976 0.097456 5.878570 6.024906 7.037010 8.693835 7.227036 2.568462 0.265626 0.548439 0.117495 0.449032 4.876404 0.575163 2.500343 1.377228 1.656185 4.917186 8.920875 0.604828 6.158932 6.751900 0.003295 6.507094 5.645292 0.687438 2.578710 7.338939 7.950057 5.541953 5.400817 4.307628 6.833660 1.895608 0.019577 5.448673 4.018612 7.243835 4.525391 0.514118 1.340790 3.387909 5.522135 10.180371 6.215056 6.296361 11.786664 0.333942 6.884930 6.873966 5.288193 6.767020 2.202150 6.158932 1.371390 4.430836 0.307222 1.262831 5.786866 2.780363 0.382468 2.253172 5.843826 6.210052 2.432496 5.482683 7.454633 4.148653 0.633119 1.898988 7.324649 0.249892 1.525314 0.001980 1.784498 1.944041 1.944983 3.221127 5.843826 0.955892 3.996453 6.047226 5.767479 8.769689 8.828641 0.155982 6.965111 0.828692 5.901662 0.195215 10.123117 10.406521 3.301883 5.204859 2.152424 3.281285 4.886362 1.742657 3.271946 6.549747 5.100360 1.331031 6.505857 1.002005 5.646532 8.827494 5.646532 10.723503 9.909131 5.522135 6.449935 6.549747 1.186877 5.164496 0.025163 6.742316 3.003575 0.866972 1.491090 2.310093 4.519317 0.919147 3.593712 8.647857 5.734342
0.583359 5.905406 2.980413 29.563974 0.415731 32.290527 19.468523 8.178711 15.841786 21.003468 26.568747 26.037658 0.585506 5.522135 27.748905 25.225502 27.545348 0.328863 30.179745 24.765142 7.820857 9.345952 21.762572 0.218516 2.753355 24.950254 0.339431 27.191906 20.488961 21.861596 30.507985 35.481311 7.388826 0.170268 3.083539 0.056092 0.361415 17.633652 2.230297 7.471846 2.090672 2.796662 14.242470 32.394530 0.691706 29.949058 22.383984 0.511490 26.784066 22.034297 0.605607 5.681219 31.560466 23.576272 27.984683 15.772417 12.669595 28.453861 3.733928 0.329315 16.254498 11.132409 32.178651 23.317905 0.294251 2.122965 8.012410 27.748905 39.025467 30.231495 39.220485 52.444349 0.123391 32.726225 29.231578 25.048778 28.933420 4.679314 29.949058 2.120320 12.342074 0.903257 2.144679 15.646529 6.916364 0.070325 4.482670 17.812564 21.343816 5.879905 24.919415 31.580108 10.702094 3.177028 8.429958 27.935652 0.995109 3.997901 0.024529 3.683612 4.959536 3.652736 8.006073 17.812564 1.612326 18.613486 30.125450 17.979411 28.935469 36.546995 0.033422 29.280863 1.055779 27.509753 0.022334 25.762485 41.399969 8.107461 13.838123 6.288063 8.178711 25.516688 3.792266 8.189216 29.807325 25.258303 2.181328 23.783609 1.591710 15.879443 24.108203 15.879443 45.206320 32.456503 27.748905 26.866854 29.807325 2.166821 13.948096 0.004795 28.047953 8.304987 1.025591 3.013916 4.497401 23.409358 1.756947 9.496452 47.290773 27.680420
0.613802 5.436434 2.975757 27.293997 0.747586 29.764194 18.190078 8.234154 14.576755 20.755119 26.191185 26.085035 0.615558 5.283432 25.225502 23.853245 26.008420 0.432720 28.092562 22.321323 7.432467 8.819609 24.440425 0.397363 3.096171 23.941308 0.614815 24.801430 18.975308 19.792492 30.749775 32.604582 7.743663 0.308800 2.250622 0.168682 0.505315 18.010555 2.733823 7.811432 2.058290 2.725708 13.312741 30.193952 0.865694 26.943037 20.748414 0.272932 26.361688 22.184100 0.682105 5.698946 28.539648 21.133682 26.348789 13.825024 11.634576 26.086575 3.825717 0.217906 16.109795 11.030106 30.698088 21.742600 0.326278 2.083836 7.925770 25.225502 37.660152 28.461456 32.578702 49.540448 0.197916 31.124479 27.686209 23.117412 25.857868 4.733995 26.943037 2.171954 10.766352 0.474196 1.925490 14.900991 6.541370 0.000492 4.061841 15.868191 21.919076 6.008110 23.615634 29.219489 9.700444 3.804837 9.140327 26.321291 0.573307 3.556210 0.003181 3.207222 4.958200 3.641074 7.239661 15.868191 1.506883 17.740876 27.076493 16.242140 24.357107 33.116368 0.093482 28.379733 1.124581 26.297085 0.077909 27.511660 37.988520 8.001153 12.778356 6.651381 8.234154 22.880163 3.516194 8.242563 28.461940 22.980455 2.314295 23.926620 1.567463 15.323415 25.466071 15.323415 42.143563 33.066969 25.225502 26.427209 28.461940 1.773629 13.085458 0.074131 23.926352 7.636100 1.099682 3.110596 4.326541 22.102915 2.035363 8.936175 39.750416 26.113116
0.684903 5.981691 3.273102 29.814138 0.789902 32.507373 19.972998 9.021942 16.016685 22.656762 28.554051 28.443212 0.686758 5.821146 27.545348 26.008420 28.363205 0.478791 30.648496 24.489415 8.181822 9.696473 26.724686 0.428371 3.362556 26.100371 0.653244 27.102124 20.795414 21.743650 33.537008 35.592069 8.449934 0.336204 2.484009 0.180491 0.555007 19.622695 2.950016 8.520720 2.276500 3.010590 14.613771 33.051412 0.949768 29.447281 22.745040 0.300628 28.732067 24.165745 0.756952 6.256901 31.227062 23.244661 28.718600 15.228219 12.781217 28.533066 4.202817 0.232971 17.621812 12.077666 33.483029 23.704851 0.366438 2.303362 8.699006 27.545348 41.122124 31.033752 35.663696 54.061181 0.219971 33.928276 30.223993 25.239809 28.312295 5.197980 29.447281 2.395959 11.870404 0.539469 2.136724 16.356472 7.191749 0.000014 4.492425 17.452536 23.889102 6.580651 25.760280 31.938007 10.684314 4.099542 9.906320 28.778518 0.644869 3.920103 0.002554 3.553244 5.432792 4.009178 7.979468 17.452536 1.668450 19.341160 29.586794 17.844602 26.844405 36.247009 0.102324 30.948414 1.242324 28.664621 0.085998 30.041608 41.571754 8.777972 14.053621 7.253114 9.021942 24.991881 3.878084 9.030745 31.034257 25.096694 2.545346 26.085035 1.732164 16.798905 27.796710 16.798905 46.048991 36.075102 27.545348 28.800468 31.034257 1.976583 14.375594 0.076399 26.271677 8.395407 1.216147 3.414445 4.770586 24.081009 2.222469 9.818677 43.545830 28.472534
0.215955 0.317706 0.310350 0.505061 0.049405 0.518626 0.934379 0.616273 0.709158 0.819677 0.819860 1.005516 0.214294 0.486046 0.328863 0.432720 0.478791 0.200499 0.449041 0.687273 0.595844 0.580389 3.057186 0.125734 0.198482 0.524348 0.073051 0.411172 0.674132 0.792933 1.303869 0.479870 0.498404 0.154632 0.001001 0.106613 0.196867 0.750339 0.157965 0.471362 0.315086 0.353751 0.662983 0.955153 0.222698 0.363770 0.778247 0.048681 0.772430 0.773581 0.228079 0.513865 0.547616 0.906210 0.408046 0.576752 0.539227 0.573799 0.419759 0.072244 0.870033 0.674834 0.683134 0.303949 0.180448 0.299361 0.625732 0.328863 1.191962 0.483536 0.084059 1.055168 0.167244 0.585578 0.659828 0.381624 0.477785 0.456552 0.363770 0.335894 0.489408 0.000896 0.225748 0.876140 0.438644 0.027427 0.371133 0.632481 1.010704 0.483604 0.485518 0.640502 0.559797 0.146179 0.317651 0.778372 0.000001 0.191151 0.046311 0.258285 0.353180 0.414170 0.445418 0.632481 0.187069 0.353300 0.339437 0.642249 0.681523 0.704136 0.110805 0.755196 0.232154 0.529313 0.140948 2.203613 0.932162 0.592415 0.725527 0.425658 0.616273 0.245907 0.286134 0.612603 0.602170 0.313436 0.341412 0.938227 0.224834 0.864685 1.801737 0.864685 0.962911 1.622690 0.328863 0.754619 0.602170 0.162394 0.746898 0.062167 0.382656 0.399324 0.250692 0.331797 0.445297 0.325491 0.268100 0.533731 0.223894 0.456379
0.692048 6.467816 3.427867 32.450931 0.699440 35.410700 21.515586 9.456801 17.347182 24.018487 30.340889 30.026394 0.694255 6.188916 30.179745 28.092562 30.648496 0.449041 33.293012 26.789190 8.730220 10.389596 26.915346 0.369860 3.409667 28.032368 0.573628 29.631106 22.526975 23.709129 35.311188 38.839454 8.757961 0.287458 2.949006 0.135283 0.513407 20.576818 2.916519 8.843256 2.383247 3.168945 15.744233 35.756312 0.915419 32.369028 24.622853 0.411849 30.558058 25.488183 0.749562 6.553578 34.212961 25.415904 31.085800 16.777108 13.857180 31.099786 4.362969 0.298630 18.618463 12.748304 36.025928 25.750983 0.360372 2.415781 9.164817 30.179745 43.991467 33.578683 40.437286 58.365679 0.191586 36.572637 32.582970 27.489982 31.144941 5.425773 32.369028 2.476464 13.090171 0.719636 2.312771 17.491483 7.698964 0.009101 4.861715 19.131791 24.988552 6.860530 27.787528 34.708000 11.612509 4.094591 10.207975 31.037900 0.833724 4.289549 0.000821 3.901226 5.710121 4.196650 8.674545 19.131791 1.781143 20.828158 32.542121 19.473372 30.052777 39.665805 0.076340 33.096609 1.262846 30.837625 0.059923 30.888953 45.271649 9.260751 15.184314 7.496067 9.456801 27.525754 4.170560 9.467464 33.390213 27.484341 2.603615 27.497101 1.814850 17.894849 28.713427 17.894849 49.909568 37.812151 30.179745 30.641530 33.390213 2.212309 15.451893 0.042938 29.366930 9.089763 1.231647 3.537566 5.056768 26.048068 2.215597 10.539334 49.095002 30.782982
1.199210 6.944300 3.805101 27.200623 0.149803 29.487233 21.757261 9.269503 17.800914 20.431646 24.570873 24.696323 1.197725 7.083930 24.765142 22.321323 24.489415 0.687273 26.789190 25.838717 9.686314 11.020195 26.078703 0.259942 2.560958 22.329804 0.184433 25.021318 21.245772 23.963565 29.381014 31.708427 7.589956 0.301081 3.057249 0.082948 0.645215 16.589380 1.748851 7.549471 3.116259 3.956778 15.785735 32.493423 1.050916 27.281019 23.461180 0.327972 24.471135 20.254078 1.157208 6.867400 30.098206 26.563487 24.290473 18.151523 14.106564 27.236256 4.717779 0.073212 17.076212 12.115962 29.136701 20.224970 0.754743 3.097312 9.431551 24.765142 37.304218 26.637730 34.446115 47.799831 0.363744 28.886563 27.096982 22.636802 27.886002 5.730173 27.281019 3.055432 14.557100 1.351864 3.172255 17.692499 8.177063 0.747126 6.078611 19.900689 20.465601 6.698941 22.461075 29.817973 12.774543 2.261093 6.908370 27.223948 1.271342 4.792239 0.040318 5.018695 5.583484 4.816394 9.741478 19.900689 2.339410 16.539771 27.199862 19.705730 32.355066 35.356559 0.114828 26.817068 1.660351 24.383246 0.126015 27.734433 40.368794 9.381939 16.092717 6.368036 9.269503 22.658456 4.848420 9.264103 26.703051 22.658555 2.977531 22.518880 2.313654 17.469859 25.255728 17.469859 42.541481 32.006239 24.765142 24.432948 26.703051 3.247905 15.936606 0.000545 28.212567 9.507791 1.678825 3.738864 5.948962 20.072819 2.075623 10.941693 43.192642 24.427996
0.870642 3.019221 1.950774 9.142017 0.080147 9.796594 9.177478 4.349128 7.404011 8.090861 9.188180 9.719128 0.866884 3.477205 7.820857 7.432467 8.181822 0.595844 8.730220 9.686314 4.580807 4.949002 14.577329 0.251693 1.171950 7.715691 0.129858 8.253427 8.211194 9.522008 11.850076 10.206522 3.438591 0.323080 0.792454 0.140160 0.553719 6.661655 0.785610 3.357975 1.766158 2.138399 6.608715 12.227381 0.759666 8.695921 9.181183 0.010907 9.007628 7.769649 0.854460 3.387363 10.231721 10.718442 7.842959 7.276736 5.799703 9.492865 2.469414 0.013242 7.328340 5.372660 10.113120 6.420346 0.627954 1.723958 4.474977 7.820857 14.007660 8.761241 9.164407 16.463685 0.400061 9.678966 9.557994 7.439535 9.432692 2.884687 8.695921 1.759084 5.947431 0.419366 1.634086 7.730460 3.690879 0.460425 2.945966 7.898362 8.444026 3.215396 7.673687 10.369730 5.528990 0.887040 2.638790 10.081426 0.350326 2.036373 0.001186 2.341420 2.581760 2.527349 4.280768 7.898362 1.235279 5.606203 8.560178 7.806948 11.953718 12.261974 0.183130 9.666309 1.050320 8.278649 0.226439 13.416400 14.392479 4.373858 6.949617 2.884374 4.349128 6.952351 2.291685 4.338139 9.165911 7.212194 1.712023 8.900785 1.288521 7.563918 11.766686 7.563918 14.905980 13.421219 7.820857 8.938876 9.165911 1.546234 6.901315 0.028417 9.387158 4.023463 1.094319 1.945501 3.011616 6.412350 1.191247 4.793615 12.395383 8.076590
0.860136 3.315807 2.081042 10.766522 0.102400 11.571551 10.183221 4.753552 8.224421 9.225366 10.640451 11.131602 0.856950 3.725490 9.345952 8.819609 9.696473 0.580389 10.389596 11.020195 4.949002 5.411746 15.512124 0.254045 1.318184 9.086977 0.148295 9.748024 9.310594 10.675359 13.496182 12.157184 3.822089 0.313741 0.961220 0.133747 0.546019 7.616895 0.907505 3.749525 1.834076 2.243264 7.347943 13.981412 0.769791 10.342337 10.377296 0.026371 10.474582 8.972245 0.847873 3.652166 11.962904 11.948791 9.381155 8.096354 6.459743 11.051396 2.631326 0.002721 8.179090 5.943751 11.880853 7.701467 0.604891 1.797366 4.862102 9.345952 16.133461 10.423583 11.298870 19.344649 0.376018 11.478609 11.161203 8.816732 11.019249 3.098255 10.342337 1.830078 6.580302 0.466072 1.714770 8.526515 4.032178 0.418903 3.141083 8.833946 9.592535 3.502507 9.043311 12.101134 6.064196 1.061897 3.102297 11.602081 0.404480 2.237397 0.000293 2.505791 2.829210 2.679673 4.675357 8.833946 1.295556 6.629645 10.215982 8.756156 13.496860 14.262965 0.167935 11.271634 1.073784 9.791283 0.203098 14.702269 16.653505 4.772122 7.649360 3.212109 4.753552 8.353584 2.466863 4.743754 10.804304 8.600653 1.791224 10.190602 1.343816 8.381802 12.999412 8.381802 17.384013 15.153989 9.345952 10.411331 10.804304 1.633778 7.610514 0.026002 10.922526 4.448735 1.111662 2.078689 3.204527 7.698408 1.265969 5.272971 14.987820 9.598708
3.187035 8.753531 7.062603 27.150403 2.283253 28.919925 28.023720 16.577229 21.472981 30.449463 34.817095 38.520867 3.171820 11.228319 21.762572 24.440425 26.724686 3.057186 26.915346 26.078703 14.577329 15.512124 71.030760 2.573228 6.469076 26.788898 2.406752 23.295182 24.471257 26.098107 47.625944 29.777639 15.106851 2.631333 0.579927 1.939620 3.286417 28.122355 5.917155 14.749271 5.997810 7.146364 20.223092 37.404583 4.099013 23.099455 27.426543 0.238349 34.073603 31.627527 3.571953 12.573384 27.845548 28.361965 25.430940 17.763441 16.711499 27.342129 9.563695 0.275881 27.251029 19.779678 34.262283 19.992928 2.388805 5.833378 16.094077 21.762572 48.903953 28.326580 15.648286 53.644202 2.284499 32.573881 31.370172 22.091174 24.423566 10.911739 23.099455 6.587316 14.310757 0.030885 4.391108 25.058227 11.643861 0.000150 8.114417 20.418534 35.972268 12.737126 25.367385 31.010792 15.228963 6.838781 14.210717 32.198929 0.032773 5.263323 0.832578 5.708891 9.667933 9.048882 11.702088 20.418534 3.699832 19.000920 22.631793 21.227583 24.623366 33.664790 1.586851 34.624051 4.180430 28.392686 1.852632 60.765242 41.566954 15.688510 20.361696 13.065415 16.577229 18.161040 6.765694 16.531828 31.231081 20.142784 7.032826 35.768192 4.396661 25.656890 52.386092 25.656890 45.935286 55.268097 21.762572 33.790662 31.231081 3.152141 21.308780 1.295781 19.833957 11.630624 4.366313 7.710234 9.829327 21.078902 6.235270 14.930833 23.290671 26.322415
0.080934 0.116646 0.161713 0.342557 0.243433 0.356724 0.420979 0.405506 0.280851 0.693915 0.789242 0.958900 0.080433 0.202709 0.218516 0.397363 0.428371 0.125734 0.369860 0.259942 0.251693 0.254045 2.573228 0.184886 0.261467 0.498341 0.224844 0.250862 0.333002 0.283909 1.221703 0.349337 0.457345 0.164962 0.027728 0.167148 0.156389 0.779161 0.320463 0.444488 0.125343 0.142757 0.304464 0.538034 0.173617 0.199372 0.377615 0.080962 0.766131 0.816994 0.111363 0.297775 0.271747 0.278329 0.394752 0.130005 0.213630 0.322225 0.247090 0.034947 0.622567 0.448065 0.605802 0.278448 0.066309 0.120440 0.356258 0.218516 0.948466 0.440224 0.000257 0.865978 0.107681 0.559682 0.520038 0.275482 0.199859 0.268419 0.199372 0.164761 0.100133 0.075642 0.050981 0.438250 0.193908 0.123480 0.098474 0.183542 1.017623 0.334088 0.421957 0.405487 0.175440 0.370672 0.539817 0.511095 0.060704 0.049155 0.146097 0.045725 0.228451 0.204367 0.132795 0.183542 0.057770 0.333139 0.190440 0.224972 0.069332 0.341955 0.106416 0.696985 0.117725 0.511118 0.120543 1.947480 0.499447 0.343806 0.278162 0.412891 0.405506 0.143663 0.097815 0.404038 0.556695 0.205608 0.203512 0.912218 0.092273 0.492603 1.626264 0.492603 0.652161 1.489749 0.218516 0.757361 0.556695 0.010913 0.332270 0.165128 0.058517 0.151945 0.124195 0.206429 0.183358 0.336431 0.246791 0.238746 0.016460 0.417861
0.172529 0.733878 0.568222 3.254157 0.405872 3.509172 2.537400 1.529001 1.913435 3.361329 4.106984 4.392874 0.172241 0.870571 2.753355 3.096171 3.362556 0.198482 3.409667 2.560958 1.171950 1.318184 6.469076 0.261467 0.750879 3.323076 0.355125 2.797159 2.448213 2.386133 5.328727 3.746032 1.574077 0.219365 0.056981 0.192178 0.245217 3.237787 0.793240 1.564637 0.405316 0.505015 1.851836 3.932370 0.322827 2.829523 2.702892 0.009472 4.086107 3.751929 0.219337 1.077039 3.154840 2.476466 3.324833 1.478203 1.506348 3.079591 0.791040 0.000518 2.733119 1.900597 4.183377 2.627474 0.115675 0.401819 1.409492 2.753355 5.521557 3.617230 2.140120 6.498322 0.137249 4.134875 3.704042 2.725399 2.718337 0.926038 2.829523 0.477004 1.143139 0.004238 0.269337 2.257307 0.987617 0.105763 0.558790 1.797612 4.047621 1.175314 3.122842 3.567681 1.236640 1.011412 1.900026 3.534498 0.000409 0.418144 0.110379 0.372034 0.895892 0.702400 0.924184 1.797612 0.243710 2.386272 2.816144 1.938804 2.072102 3.726596 0.114698 4.147487 0.288014 3.576277 0.120359 6.045590 4.548770 1.399675 1.736159 1.384673 1.529001 2.329560 0.512756 1.527878 3.873092 2.525467 0.550633 4.087615 0.304950 2.407817 5.350947 2.407817 5.309814 6.012268 2.753355 4.078116 3.873092 0.163244 1.878331 0.165134 2.030896 1.009892 0.291957 0.652782 0.739151 2.806114 0.581517 1.304292 2.893404 3.350904
0.697080 5.548392 3.153575 27.235881 0.880257 29.662310 18.573181 8.651285 14.806330 21.359059 26.809574 26.919905 0.698493 5.517976 24.950254 23.941308 26.100371 0.524348 28.032368 22.329804 7.715691 9.086977 26.788898 0.498341 3.323076 24.189334 0.737791 24.631545 19.170565 19.931136 31.846903 32.390396 8.178745 0.398267 2.049271 0.237367 0.612525 18.705390 2.981969 8.231291 2.205954 2.894889 13.584199 30.483136 1.002609 26.588480 20.990481 0.200112 26.939745 22.873852 0.783991 6.016909 28.342211 21.259312 26.357565 13.817255 11.798097 26.054971 4.086587 0.166367 16.712340 11.478997 30.978857 21.666244 0.386609 2.225902 8.305203 24.950254 38.355037 28.507327 31.007504 49.833848 0.260574 31.301934 27.920623 23.027633 25.585384 5.019346 26.588480 2.350788 10.767949 0.388342 1.995901 15.340840 6.746978 0.005577 4.183668 15.910624 22.846864 6.348668 23.761492 29.251351 9.857696 4.090758 9.590707 26.611923 0.480805 3.589703 0.017530 3.256276 5.193089 3.869002 7.365162 15.910624 1.581305 17.867327 26.688532 16.341964 23.884358 32.957958 0.137647 28.841193 1.244152 26.508478 0.123135 29.368788 38.020931 8.363421 13.041824 7.039237 8.651285 22.496789 3.629404 8.657791 28.705376 22.747783 2.520428 24.726481 1.675532 15.810446 27.017767 15.810446 42.299854 34.451685 24.950254 26.989738 28.705376 1.778613 13.410693 0.121290 23.333073 7.768683 1.224350 3.325109 4.541818 22.110954 2.250630 9.176222 38.165870 26.179527
0.020494 0.056760 0.099877 0.463882 0.494491 0.497809 0.280784 0.345053 0.165357 0.827079 1.066213 1.225455 0.020501 0.097456 0.339431 0.614815 0.653244 0.073051 0.573628 0.184433 0.129858 0.148295 2.406752 0.224844 0.355125 0.737791 0.392887 0.338363 0.282876 0.163240 1.513033 0.533664 0.511761 0.158333 0.054500 0.202466 0.119771 1.021048 0.523404 0.512137 0.046499 0.057494 0.209917 0.530664 0.137117 0.282022 0.308724 0.076879 1.066956 1.122498 0.047842 0.214740 0.306694 0.123938 0.654407 0.032591 0.128816 0.367852 0.172344 0.005473 0.614865 0.404636 0.867409 0.469504 0.014186 0.046582 0.261722 0.339431 1.160547 0.693529 0.006508 1.215716 0.060619 0.868955 0.690895 0.400887 0.206226 0.193040 0.282022 0.084759 0.017463 0.210408 0.004266 0.310091 0.113735 0.543113 0.018848 0.078615 1.284870 0.290990 0.613988 0.496279 0.066762 0.678994 0.892144 0.572000 0.146359 0.013230 0.228505 0.001468 0.194009 0.115232 0.044220 0.078615 0.013699 0.505768 0.282317 0.126767 0.000503 0.361981 0.089036 0.964169 0.059178 0.780567 0.088692 2.039335 0.528048 0.262017 0.145859 0.478178 0.345053 0.233596 0.035888 0.345091 0.823441 0.311583 0.134552 1.172606 0.036949 0.400290 1.767937 0.400290 0.814575 1.765196 0.339431 1.067241 0.823441 0.007258 0.209297 0.252160 0.023693 0.082088 0.059054 0.153289 0.082937 0.578646 0.244635 0.148621 0.023097 0.653602
0.705731 6.136983 3.186287 29.201830 0.390884 31.841284 20.046954 8.527095 16.300636 21.161792 26.491336 26.147467 0.707326 5.878570 27.191906 24.801430 27.102124 0.411172 29.631106 25.021318 8.253427 9.748024 23.295182 0.250862 2.797159 24.631545 0.338363 26.818542 20.744017 22.331219 30.754762 34.825493 7.585607 0.213730 3.006763 0.073866 0.437519 17.724039 2.220462 7.642423 2.312664 3.051926 14.640473 32.599473 0.792917 29.427957 22.715858 0.443558 26.636597 22.004161 0.724750 6.003861 31.316908 24.195514 27.396369 16.217022 13.007757 28.303930 3.995639 0.251763 16.643795 11.483416 31.816569 22.796185 0.381032 2.335594 8.403456 27.191906 39.061853 29.682003 37.888755 51.856057 0.174593 32.184174 29.010385 24.653292 28.729485 4.964585 29.427957 2.338273 12.750963 0.934866 2.341847 16.190570 7.220096 0.124495 4.800989 18.233427 21.550308 6.148927 24.596045 31.363507 11.137190 3.098173 8.316729 27.985522 1.000506 4.154821 0.019338 3.930810 5.158745 3.932837 8.364554 18.233427 1.760941 18.334154 29.546111 18.360230 29.423523 36.379342 0.053954 29.075705 1.194722 27.093763 0.043982 26.773493 41.340912 8.469199 14.351361 6.444625 8.527095 24.936882 4.018440 8.534346 29.413701 24.778890 2.386078 23.888563 1.750299 16.362602 24.876688 16.362602 44.908901 32.921867 27.191906 26.692399 29.413701 2.348332 14.438347 0.007535 27.935329 8.579198 1.172954 3.215025 4.824375 22.871548 1.882736 9.851796 46.105786 27.192668
